chr9	39078462	39079192	338	156	167	949	498	80	324	1101	271	301	2	0	0	0	0	0	0	0	10	8
chr9	39029509	39030876	130	75	1271	322	162	104	1833	134	419	483	0	0	0	1	0	0	0	0	0	6
chr9	62907938	62912659	380	1455	48	123	477	1193	104	81	1153	1267	6	23	6	0	12	23	0	0	64	56
chr9	38967820	38970288	299	103	2014	766	290	168	1705	496	735	842	0	0	0	0	0	0	0	0	2	0
chr9	42550652	42551463	397	127	75	314	428	80	237	366	212	201	9	9	0	7	7	2	0	4	13	12
chr9	62915303	62916256	460	171	68	384	672	143	101	296	280	374	1	0	0	0	0	0	0	0	6	4
chr9	7469075	7472290	92	374	36	12	114	613	2	0	383	447	0	0	0	0	0	0	0	0	0	0
chr9	40913211	40915298	188	427	59	30	202	694	63	40	1100	928	16	9	6	1	19	37	0	0	48	47
chr9	129885543	129886378	92	2	273	239	66	8	232	158	26	28	0	0	2	0	0	0	0	0	0	0
chr9	33510506	33511454	28	8	44	172	12	6	123	166	38	44	0	0	0	0	0	0	0	0	0	0
chr9	114681793	114682372	114	6	60	18	137	16	29	24	19	32	0	0	0	0	0	0	1	0	0	0
chr9	38881851	38883407	75	32	468	135	101	37	800	115	233	294	0	0	0	0	0	0	0	0	4	0
chr9	33165760	33166568	8	0	398	356	14	3	374	331	18	6	0	0	0	2	0	0	1	2	0	0
chr9	76374077	76375344	22	0	282	35	10	4	138	44	35	37	0	0	2	0	0	0	0	0	2	0
chr9	128068629	128069389	6	0	214	433	18	0	148	284	8	16	0	0	1	0	0	0	1	0	0	0
chr9	20657951	20658828	36	14	74	391	23	14	138	461	98	109	1	8	26	4	1	3	3	3	8	14
chr9	113619921	113620565	12	0	175	34	8	9	84	32	26	22	0	0	1	0	0	0	1	0	0	2
chr9	33750498	33751195	10	0	296	486	6	0	233	467	18	14	0	0	0	6	0	0	0	0	0	0
chr9	132539373	132539920	4	14	122	32	12	0	197	40	15	15	0	0	2	0	0	0	0	0	0	0
chr9	128340153	128340640	20	0	88	121	6	0	44	121	25	14	0	0	0	1	0	0	0	0	0	0
chr9	127714526	127715711	13	0	78	540	2	0	78	404	25	17	0	0	0	4	0	0	0	4	0	0
chr9	133238753	133239261	26	2	224	96	11	0	75	62	2	8	1	0	2	0	0	0	0	0	2	0
chr9	132998849	133000876	34	119	12	0	14	115	12	0	73	60	0	2	0	0	0	3	0	0	12	14
chr9	38891821	38894582	150	57	512	184	107	38	983	128	410	538	0	0	0	0	0	0	0	0	0	2
chr9	131372710	131373218	4	0	104	162	12	2	108	49	8	12	0	0	0	0	0	0	0	0	0	0
chr9	132538363	132538958	6	0	125	24	14	0	245	31	25	26	0	0	0	0	2	0	2	0	3	4
chr9	41272958	41274602	117	160	538	2545	117	199	370	2085	239	249	40	52	39	200	38	52	25	112	166	126
chr9	131734960	131735539	2	10	181	49	2	4	96	13	16	6	0	0	0	0	0	0	0	0	0	0
chr9	110202252	110202805	0	4	184	77	12	0	99	2	10	24	0	0	0	0	0	0	1	0	2	0
chr9	34049571	34050009	0	2	126	158	0	0	107	76	4	10	0	0	0	1	0	0	0	0	0	0
chr9	126077912	126079041	10	73	0	8	9	74	0	0	43	58	0	2	0	0	0	2	0	0	0	0
chr9	35910523	35911027	10	0	170	72	8	0	136	0	2	28	0	0	0	0	0	0	0	0	0	0
chr9	114803771	114804575	2	0	203	62	6	2	112	26	6	4	0	0	0	0	0	0	0	0	0	0
chr9	62842685	62844804	163	431	28	32	102	431	19	57	144	172	10	35	0	0	13	56	1	0	8	8
chr9	62880073	62880644	39	145	2	8	58	161	16	0	98	106	2	7	5	0	3	10	1	1	14	12
chr9	113443087	113443578	24	3	101	334	12	1	71	160	23	8	2	0	12	27	0	1	16	30	0	0
chr9	75255299	75257217	25	66	0	6	25	117	2	2	74	68	0	2	0	0	2	11	0	0	3	1
chr9	126965492	126965993	25	0	146	4	8	0	152	0	4	14	0	0	0	0	0	0	0	0	0	0
chr9	122762860	122764811	30	127	8	4	32	154	2	4	39	58	0	11	3	0	5	7	0	0	3	15
chr9	129606591	129606973	9	0	66	26	4	0	43	20	4	9	0	0	1	0	0	0	0	0	0	0
chr9	132537214	132537861	0	0	98	0	6	2	161	25	16	12	0	0	0	0	0	0	0	0	0	0
chr9	38944131	38946364	158	58	1528	260	164	64	1141	110	496	500	2	0	0	6	0	0	7	0	0	4
chr9	34764208	34767516	33	215	14	13	28	208	6	0	104	126	0	17	0	0	5	15	2	0	10	19
chr9	17290544	17291343	6	6	170	246	21	10	194	307	40	20	16	18	4	2	4	12	8	2	28	24
chr9	33753073	33753652	0	0	87	92	3	2	86	89	2	0	0	0	3	0	0	0	0	0	0	0
chr9	32573251	32573642	0	5	22	50	0	0	23	45	4	7	0	0	0	0	0	0	0	0	0	0
chr9	32404544	32405044	5	3	94	33	4	0	98	112	40	22	7	0	1	4	4	2	4	0	12	13
chr9	129441897	129443739	2	0	1	0	0	0	0	0	4	4	139	35	1151	241	127	37	1563	154	431	426
chr9	110172859	110173329	14	10	23	102	0	0	15	112	8	15	0	0	0	2	0	0	0	9	6	6
chr9	14318972	14321935	0	0	0	0	0	0	0	0	0	0	80	10	1122	782	94	16	1144	874	278	352
chr9	118486972	118489675	51	171	22	6	48	142	10	6	112	178	0	38	0	0	0	16	0	0	26	24
chr9	36036851	36037199	0	10	10	172	20	18	7	129	8	11	9	12	0	0	3	2	0	0	12	8
chr9	34724579	34725995	54	194	8	13	72	230	16	0	317	233	7	11	6	0	10	26	4	2	17	22
chr9	40741858	40742228	0	0	26	37	0	0	29	24	2	12	0	0	2	0	0	0	0	0	4	4
chr9	34526979	34528115	28	117	0	8	8	107	0	12	29	41	1	8	0	0	4	22	0	0	6	3
chr9	137327735	137328145	83	222	45	12	59	366	10	22	188	206	14	32	0	0	5	60	12	0	51	42
chr9	33672187	33673208	13	65	0	2	19	69	0	4	48	45	1	13	8	0	0	7	0	0	8	2
chr9	14468952	14473038	0	0	0	0	0	0	0	0	0	0	174	669	64	30	193	924	7	14	595	662
chr9	121415141	121419966	55	396	19	16	58	464	28	22	86	141	4	56	0	1	10	58	0	2	16	43
chr9	136353627	136355642	32	95	29	99	31	103	20	90	95	59	36	80	9	70	20	95	20	76	42	59
chr9	62827572	62829134	60	311	2	14	59	230	4	8	108	98	10	33	2	4	22	20	0	0	7	12
chr9	112803790	112804464	2	0	122	89	2	0	114	202	5	6	6	0	34	24	0	0	22	26	4	6
chr9	129333123	129333535	2	0	37	14	4	0	77	0	31	13	0	0	8	1	0	0	9	0	3	2
chr9	110198241	110201452	9	2	518	54	27	0	692	83	38	56	0	0	35	12	4	0	43	2	14	6
chr9	66152660	66154365	3	18	0	20	0	5	0	16	19	15	209	245	206	1371	189	229	172	1455	471	467
chr9	62871875	62878739	299	1321	68	47	328	1524	80	94	602	697	121	408	50	50	125	427	42	48	177	158
chr9	119869781	119870226	15	39	0	0	15	63	3	0	89	83	2	15	0	0	7	19	0	0	3	3
chr9	137612437	137613895	0	0	0	0	0	0	2	0	0	0	19	4	1455	344	32	0	1397	275	46	42
chr9	2897194	2898137	16	70	0	0	12	80	3	1	31	42	2	14	0	0	6	20	1	0	8	14
chr9	38848960	38849223	80	30	1	2	70	11	1	2	42	55	0	0	0	0	0	0	0	0	0	0
chr9	129610132	129611278	87	6	574	554	86	0	337	509	20	28	4	2	30	49	0	0	18	61	0	0
chr9	111895814	111897247	0	0	6	2	0	0	2	6	0	4	47	0	911	929	42	6	1099	1505	88	114
chr9	33816015	33817054	0	0	0	0	0	0	0	2	8	2	24	6	853	292	17	4	772	541	50	38
chr9	36037459	36037802	1	52	2	31	4	30	2	128	8	2	5	17	0	0	2	4	3	0	20	15
chr9	15379568	15379905	0	2	44	49	0	0	40	6	10	13	1	11	6	0	8	4	9	0	6	5
chr9	34879786	34880199	7	40	0	2	4	40	0	0	7	7	2	4	0	0	2	13	0	0	1	0
chr9	34935500	34936895	23	91	14	0	27	98	0	0	58	75	12	25	2	2	10	38	6	0	13	34
chr9	41104657	41106302	0	5	2	2	4	3	2	0	18	13	137	399	45	86	119	378	43	116	460	401
chr9	2843332	2844047	0	0	40	197	4	1	59	183	6	15	0	0	4	13	0	0	7	28	2	8
chr9	113056272	113057360	0	0	0	2	0	0	0	2	0	0	28	10	60	465	36	6	118	684	34	54
chr9	31937854	31938284	8	4	57	141	6	4	38	13	20	24	6	17	9	8	21	11	2	0	31	29
chr9	76570905	76572478	0	54	0	54	2	62	0	22	14	18	3	7	0	0	14	23	2	8	16	14
chr9	38938835	38941343	187	59	1457	336	192	109	1213	212	547	650	0	0	0	0	0	0	0	0	0	0
chr9	136675193	136675696	30	2	252	71	21	2	89	26	34	36	2	0	15	19	0	0	4	34	2	0
chr9	63813426	63813866	4	22	41	256	12	13	41	326	39	62	22	21	4	16	30	11	5	16	73	67
chr9	41259773	41261461	62	201	7	7	80	275	7	29	93	109	17	89	2	0	24	144	1	2	72	79
chr9	41218776	41222884	105	226	6	8	69	318	17	22	136	165	66	263	9	12	41	362	8	30	101	70
chr9	38242600	38243086	15	4	21	103	31	2	76	189	13	24	18	3	6	27	19	13	18	24	18	6
chr9	113275139	113275612	0	0	0	2	0	0	1	0	0	0	10	0	240	468	14	2	183	536	18	31
chr9	33131443	33132682	0	0	0	0	0	0	1	0	0	0	13	6	272	86	30	9	319	66	60	53
chr9	133335073	133335805	2	0	35	192	8	0	73	106	18	22	0	0	9	37	0	0	0	26	8	8
chr9	131373684	131374242	8	2	191	221	26	2	177	302	19	14	0	0	41	26	0	0	43	56	14	4
chr9	19396834	19398020	0	0	0	0	0	0	0	0	0	0	6	4	248	117	8	6	532	83	36	49
chr9	66155714	66175786	35	103	0	0	23	128	0	14	56	65	997	5078	176	167	989	6669	231	222	2080	2311
chr9	27572082	27572831	0	0	0	0	0	0	0	0	0	2	16	0	125	295	28	2	175	150	48	90
chr9	113220887	113221346	0	0	0	0	0	0	0	0	0	0	12	0	227	347	2	2	223	342	34	28
chr9	27690518	27691287	18	10	94	377	20	12	116	560	63	61	12	1	50	98	17	4	74	182	26	30
chr9	138141968	138144673	0	2	4	0	4	1	2	0	6	2	63	241	23	21	67	258	16	12	269	231
chr9	68402771	68404983	0	0	0	0	0	0	0	0	2	6	95	260	21	0	73	333	10	13	296	351
chr9	122520077	122520816	0	31	2	0	8	22	0	0	17	16	8	2	0	0	14	4	0	4	14	8
chr9	177584	178494	8	0	154	245	14	0	160	207	24	16	4	0	57	43	0	0	96	44	0	8
chr9	129335187	129335727	0	0	47	0	0	0	9	10	18	2	0	0	15	2	0	0	7	2	0	2
chr9	42845450	42848774	0	12	0	0	0	3	0	0	6	12	44	266	6	32	63	278	12	16	159	232
chr9	120843456	120844058	0	0	0	0	0	0	0	0	0	2	0	0	166	281	1	1	180	369	24	17
chr9	4225874	4226605	0	0	0	0	0	0	0	0	0	0	5	0	535	90	23	2	357	30	12	6
chr9	121975209	121975975	0	0	0	0	0	0	2	0	4	2	14	12	197	70	10	10	223	22	29	36
chr9	33818097	33818576	1	0	16	23	0	0	8	7	0	0	2	0	5	2	0	0	10	8	0	1
chr9	138154057	138156753	0	0	4	0	0	2	0	0	0	2	40	170	19	10	39	136	8	14	161	149
chr9	62895960	62898885	125	53	1043	2889	145	52	1154	2678	335	368	21	2	255	669	21	4	318	750	59	81
chr9	68343493	68347030	81	303	16	14	112	429	23	0	141	115	40	145	0	4	34	213	14	0	48	49
chr9	130911682	130915186	59	226	12	175	38	170	18	158	115	155	85	228	10	82	92	283	28	86	210	187
chr9	41322603	41329147	107	431	24	2	90	627	6	28	320	381	121	533	12	10	118	812	22	24	365	364
chr9	129413978	129414674	0	0	0	3	0	0	0	0	0	0	4	0	255	188	10	1	230	108	18	8
chr9	136992561	136993243	0	0	0	0	0	0	0	3	0	2	0	0	106	256	12	0	88	329	8	18
chr9	124045111	124045869	15	42	10	104	8	49	6	54	26	11	14	36	4	54	7	52	2	39	33	26
chr9	126986744	126987334	0	0	0	1	0	0	0	0	0	0	6	0	216	52	16	2	300	44	16	26
chr9	137069245	137069792	0	0	0	0	0	0	2	3	0	0	5	0	88	314	10	2	27	277	14	8
chr9	79571981	79572567	0	0	0	0	0	0	0	0	0	0	2	0	184	201	2	1	206	136	12	10
chr9	122531507	122533976	41	111	6	0	17	170	1	2	106	121	36	49	6	0	29	53	2	0	53	96
chr9	127068852	127069943	4	0	57	4	2	2	83	16	10	4	0	0	26	0	0	0	34	1	2	2
chr9	124040942	124041384	56	22	10	112	75	9	10	98	18	9	56	20	0	2	118	13	0	6	26	42
chr9	135440455	135441662	30	52	9	22	44	35	2	2	50	46	25	82	6	10	27	39	15	16	49	71
chr9	68364992	68367940	45	141	6	26	47	240	6	26	97	83	34	108	12	14	34	272	12	0	55	68
chr9	136168043	136169210	20	127	9	0	25	85	0	0	42	54	12	78	10	3	28	73	8	0	18	22
chr9	708008	708383	4	8	22	28	1	0	13	34	8	16	7	2	30	83	2	0	16	33	31	23
chr9	37669087	37669925	19	57	2	16	3	65	2	4	22	28	8	16	10	12	16	79	10	9	22	38
chr9	135012102	135013091	16	58	0	8	16	44	0	14	17	34	10	35	10	0	4	65	0	2	39	52
chr9	76460154	76460501	0	0	0	1	0	0	0	0	0	0	9	4	41	186	13	0	46	167	4	19
chr9	74787109	74787457	4	50	0	0	11	58	0	28	10	2	8	47	2	0	9	32	0	0	14	11
chr9	21397640	21398148	14	26	8	20	10	29	4	0	13	20	9	33	4	0	19	58	0	0	24	28
chr9	68329724	68330798	12	49	0	0	15	62	0	4	43	47	4	49	0	0	10	46	0	0	32	37
chr9	4143565	4143958	0	0	76	10	6	1	40	19	3	0	1	0	35	2	2	1	27	0	4	12
chr9	62833115	62837541	125	467	27	176	101	385	33	94	216	252	186	662	26	83	162	678	32	23	282	298
chr9	62800986	62803182	210	429	1225	5375	282	235	1852	5799	315	384	168	265	493	2764	234	221	893	2611	358	381
chr9	33817203	33817587	0	0	6	18	0	0	8	9	0	0	0	0	4	11	0	0	5	7	0	0
chr9	127540700	127541650	33	0	190	42	14	0	143	72	42	34	20	0	87	36	22	0	108	8	60	60
chr9	109476627	109477243	0	0	2	0	0	0	0	4	0	0	2	0	247	52	6	4	299	74	10	16
chr9	4531101	4531971	22	10	54	30	18	10	85	57	48	51	32	29	42	58	22	19	111	55	33	40
chr9	126513704	126516664	47	118	10	27	27	109	0	18	37	73	30	133	10	8	24	145	2	8	84	96
chr9	136335564	136336721	33	73	12	76	18	53	4	16	14	22	32	93	26	34	29	74	3	22	55	41
chr9	134177057	134179557	56	237	6	13	26	161	24	31	135	94	27	245	8	42	12	180	4	12	106	77
chr9	138126117	138126457	43	6	2	4	67	18	0	0	15	27	29	6	0	0	45	0	9	0	8	12
chr9	131276433	131277574	8	58	6	150	4	33	4	182	16	16	9	8	0	78	8	4	8	107	30	22
chr9	128099995	128100707	0	0	0	0	0	0	0	0	0	0	0	0	63	167	10	0	113	105	16	6
chr9	130448086	130448443	4	0	36	84	8	2	10	24	22	6	4	0	18	48	4	0	15	19	18	14
chr9	69863863	69864842	9	32	8	0	16	71	4	2	18	23	12	36	0	2	8	75	0	0	18	19
chr9	133458971	133459379	4	4	6	102	7	8	34	52	8	8	5	7	7	43	9	6	25	47	12	18
chr9	32171678	32172332	26	31	2	0	21	45	0	0	8	17	5	32	2	0	11	54	2	0	21	38
chr9	41294715	41299890	75	328	18	8	116	470	10	38	96	172	124	666	40	22	191	907	31	32	361	341
chr9	136521945	136522445	18	4	84	26	3	0	22	0	15	24	5	3	40	16	16	4	23	0	22	15
chr9	4292993	4293673	13	0	57	26	6	4	84	12	13	22	10	0	38	14	13	0	71	10	21	20
chr9	69101270	69101713	12	0	59	112	4	4	57	72	20	14	13	2	54	60	9	5	49	23	19	19
chr9	42898151	42899639	0	0	0	0	0	0	0	0	4	4	37	180	3	5	63	249	6	18	141	161
chr9	124052831	124053785	6	56	0	4	14	56	2	4	9	40	14	45	4	0	7	43	0	10	30	42
chr9	137076895	137077308	2	8	48	147	0	14	20	98	8	4	12	12	20	86	8	15	32	26	0	18
chr9	130243095	130243585	76	2	29	114	66	6	6	88	17	17	99	6	7	35	93	11	21	20	33	35
chr9	110192913	110194579	16	0	351	106	22	6	380	84	24	32	16	12	208	38	12	6	215	59	20	36
chr9	115077719	115078673	8	46	0	0	6	18	1	0	9	7	4	48	0	0	2	8	0	0	12	18
chr9	136519756	136520835	20	9	248	67	28	8	83	51	42	57	28	12	165	57	14	2	74	70	48	32
chr9	111975170	111975651	6	1	39	6	17	6	35	8	19	16	8	4	31	0	18	7	41	16	21	30
chr9	116277734	116278817	10	51	6	0	10	45	0	0	20	26	2	44	0	0	8	69	0	0	18	19
chr9	137610359	137612179	2	0	58	6	6	0	20	0	8	14	54	0	1999	665	46	0	2077	567	100	106
chr9	110214544	110214971	10	0	29	31	12	2	40	28	11	6	9	0	46	18	20	0	27	4	18	14
chr9	136639698	136641496	24	122	10	14	39	104	8	23	64	56	43	169	14	12	41	157	8	35	113	78
chr9	34958396	34958781	0	0	0	0	0	0	0	0	0	2	9	37	0	101	13	49	12	68	20	20
chr9	71767900	71769440	0	0	18	18	8	0	10	21	2	2	161	0	588	979	181	2	660	1242	84	84
chr9	127448501	127448989	6	0	47	145	2	0	38	100	10	20	6	0	38	67	8	2	14	56	20	6
chr9	130461283	130461754	46	6	23	40	96	0	5	0	20	23	42	1	0	16	77	5	10	0	21	12
chr9	113791	117147	22	46	2	15	18	28	0	4	73	66	221	828	38	505	231	684	48	290	785	697
chr9	132672138	132672612	12	2	71	123	9	2	31	124	8	16	8	4	45	68	6	0	59	57	14	20
chr9	128655178	128656211	2	0	15	31	5	0	8	30	20	14	0	0	14	30	0	0	11	12	8	4
chr9	110196030	110197027	13	4	88	4	12	0	76	0	34	25	12	6	36	4	8	9	87	0	29	29
chr9	136347354	136352147	39	152	12	24	40	139	18	20	105	90	66	228	13	39	46	223	7	50	186	175
chr9	133347735	133348188	0	0	1	4	0	0	7	9	0	0	7	0	257	352	11	0	151	244	28	10
chr9	37064078	37064587	2	23	2	0	4	35	4	0	11	21	4	19	0	5	11	41	0	0	10	25
chr9	126517861	126519503	18	101	4	0	0	88	0	0	20	17	6	74	0	0	16	58	0	0	16	22
chr9	136344360	136345418	24	92	8	8	19	36	12	16	40	32	23	81	2	54	26	90	18	6	66	61
chr9	131779625	131781982	36	70	4	0	17	90	10	16	54	29	21	85	0	0	26	93	0	26	67	55
chr9	69295365	69297376	13	51	0	0	11	65	0	18	20	52	10	66	2	2	10	88	8	6	39	40
chr9	78719017	78719782	0	27	0	0	3	41	8	0	6	15	2	25	0	0	7	41	0	0	16	10
chr9	132986548	132987561	28	58	0	0	28	82	6	50	49	59	16	110	2	2	37	121	11	10	75	51
chr9	178792	179058	1	0	4	19	0	0	13	25	9	17	0	0	2	12	0	0	4	9	2	0
chr9	998581	998998	67	2	0	0	63	8	0	0	15	20	3	0	0	0	1	0	0	0	0	1
chr9	40754751	40755064	0	0	32	67	7	0	52	28	2	6	0	0	0	0	0	0	0	0	0	0
chr9	67287950	67288946	175	98	195	703	216	67	411	909	222	258	0	0	0	0	0	0	0	0	6	6
chr9	37658219	37658706	4	34	0	2	10	38	0	0	12	18	3	29	0	0	4	63	0	0	10	10
chr9	36193349	36194492	10	0	84	267	2	0	49	134	42	34	2	0	58	121	18	0	26	76	30	32
chr9	37654187	37655798	27	40	4	0	14	93	4	18	30	18	14	68	8	0	30	93	2	0	43	48
chr9	74766952	74767669	5	33	0	8	1	44	0	0	14	8	13	44	4	0	6	22	2	0	14	16
chr9	37421949	37423208	21	0	360	524	19	4	217	454	34	51	9	0	163	163	13	0	139	354	44	56
chr9	38709900	38711419	15	87	0	0	24	54	2	0	56	43	20	79	12	8	18	71	8	8	59	41
chr9	3134642	3135435	6	36	0	0	10	55	8	0	16	11	10	53	6	0	10	44	0	0	27	12
chr9	69484929	69485911	22	2	216	26	26	2	273	4	34	30	17	16	139	36	18	4	155	26	30	40
chr9	128069792	128070339	6	0	35	144	0	2	55	65	21	26	6	2	22	81	2	0	37	32	1	8
chr9	135268147	135268970	6	81	0	0	6	34	0	20	26	34	2	52	6	0	23	69	4	1	34	41
chr9	130906191	130908837	34	99	16	14	9	78	10	10	51	65	30	146	10	6	41	174	8	10	84	77
chr9	41388718	41389940	28	11	272	70	36	7	258	122	81	65	42	10	380	92	15	13	388	103	81	79
chr9	130918506	130920206	18	129	3	0	6	78	1	8	36	45	14	83	0	20	23	97	6	0	48	41
chr9	134964852	134966149	30	102	11	6	6	64	0	0	44	30	30	73	0	0	17	72	0	10	75	54
chr9	62857854	62860163	2	12	0	4	6	24	4	0	6	4	86	239	26	38	76	305	22	36	95	89
chr9	71325438	71325839	0	20	0	0	0	32	0	0	6	10	5	18	2	0	7	17	0	12	10	4
chr9	116566724	116567739	25	2	209	3	18	2	116	24	33	48	17	9	118	30	20	2	70	52	64	50
chr9	133670231	133673706	59	319	22	7	41	203	7	0	145	137	43	215	24	26	73	288	4	26	257	227
chr9	71270291	71272101	5	64	2	0	15	55	4	2	15	17	12	50	6	10	16	60	10	0	14	19
chr9	134070467	134075673	37	395	14	35	27	334	16	28	139	132	69	398	16	15	77	467	12	52	137	150
chr9	15095695	15096384	8	40	2	0	20	32	2	4	12	8	6	34	0	0	16	65	2	0	11	10
chr9	126178944	126179920	11	45	0	0	8	61	4	0	10	16	8	45	0	2	5	72	0	0	15	25
chr9	76906754	76909856	10	89	11	0	26	100	2	12	26	33	11	65	13	0	20	166	0	0	59	39
chr9	126566162	126566709	1	47	0	0	6	39	0	0	12	26	8	54	0	0	4	30	6	0	12	23
chr9	32712153	32713359	24	93	0	4	26	139	2	0	29	35	6	106	2	0	26	103	0	10	17	26
chr9	112069065	112069968	5	0	90	4	10	4	144	42	14	16	2	10	46	14	20	0	141	0	28	18
chr9	109570355	109570769	12	31	0	0	12	44	0	0	8	20	8	48	0	10	11	35	0	0	24	14
chr9	32733304	32733879	16	41	2	0	17	74	0	2	16	9	25	55	2	0	6	80	0	0	23	24
chr9	132236736	132236990	56	10	0	0	10	12	0	2	4	6	16	4	0	0	35	9	11	0	11	16
chr9	134137382	134137825	2	2	43	67	2	0	23	81	18	29	8	2	25	36	10	2	32	72	18	19
chr9	130427603	130427933	8	0	41	7	2	0	19	0	9	17	2	2	15	22	6	0	26	0	13	2
chr9	128415594	128415880	10	5	97	56	8	6	39	10	0	6	6	0	59	68	1	11	17	12	9	7
chr9	35815772	35816260	0	2	24	109	6	0	58	153	0	0	2	0	4	87	2	0	14	72	6	0
chr9	21299744	21301602	14	79	0	8	12	83	8	0	31	24	16	49	2	0	21	128	4	14	34	37
chr9	34074640	34075127	7	0	15	8	3	6	10	26	6	11	6	2	6	31	6	1	7	27	0	0
chr9	79974739	79976339	16	39	0	0	10	62	0	36	18	19	9	75	0	6	24	95	4	0	25	27
chr9	34552408	34555226	14	86	8	2	29	83	0	32	52	46	30	95	20	12	34	153	10	10	126	83
chr9	130529609	130532278	24	119	14	0	20	77	4	0	42	51	24	80	14	10	29	172	0	0	51	43
chr9	132179392	132181892	47	60	6	6	18	90	2	18	49	44	21	68	2	0	41	120	6	2	133	113
chr9	19647100	19648154	3	18	1	0	2	34	0	0	7	15	2	14	0	0	4	47	0	0	19	20
chr9	130896682	130899556	26	132	0	34	26	141	9	2	100	92	51	179	11	11	39	166	4	12	96	84
chr9	129489207	129489699	2	0	33	21	6	0	62	14	17	33	2	0	35	31	4	0	46	20	14	12
chr9	37663564	37667309	50	134	7	14	13	132	3	20	47	42	40	128	4	18	39	274	12	16	70	89
chr9	135787011	135789662	34	136	0	28	18	66	6	0	75	62	28	122	2	36	30	96	2	4	106	94
chr9	136122880	136123144	0	0	0	0	3	0	0	0	0	0	62	13	10	49	118	7	2	17	9	10
chr9	112070418	112070812	7	2	28	10	10	0	49	0	6	6	5	0	15	0	13	0	61	0	3	6
chr9	69288374	69291130	32	106	8	0	20	99	14	2	38	28	23	100	10	11	21	181	4	1	22	42
chr9	2949783	2951357	9	25	4	4	2	68	0	0	14	12	6	29	0	0	16	77	0	0	18	15
chr9	33657498	33658420	12	27	0	0	6	45	2	0	11	13	0	36	2	0	4	65	3	6	27	12
chr9	134261622	134264898	51	214	4	20	29	147	2	14	149	132	68	264	0	14	57	194	16	35	138	131
chr9	22661686	22663370	15	84	4	10	13	86	0	0	51	60	14	100	0	2	26	142	6	0	19	23
chr9	4529586	4530057	6	0	46	14	3	0	61	14	2	6	5	1	34	2	11	2	68	2	11	7
chr9	41187799	41189578	33	4	458	760	49	15	617	785	116	142	39	1	1096	1245	51	4	1201	1314	63	95
chr9	35993252	35994614	8	64	18	0	31	79	24	8	43	51	30	131	8	8	38	145	0	18	44	86
chr9	36257181	36257972	12	0	110	211	9	0	90	191	6	6	6	0	39	161	8	2	72	134	2	0
chr9	36002256	36004134	35	97	12	0	22	84	9	4	45	38	15	120	8	0	19	149	2	2	56	76
chr9	126035245	126037326	16	143	0	4	18	80	0	8	67	65	48	86	8	6	14	124	1	24	69	56
chr9	135250911	135252033	12	85	2	0	23	78	10	0	22	29	30	78	4	24	17	56	8	6	66	86
chr9	124020693	124022089	18	122	3	4	3	57	4	10	24	12	12	112	2	0	10	90	0	0	21	31
chr9	135173652	135174647	19	79	0	2	20	57	0	0	57	77	37	76	10	0	8	64	3	0	83	90
chr9	130426663	130427070	6	2	86	12	2	0	25	0	10	9	10	4	62	6	7	2	30	0	18	10
chr9	75194087	75195357	28	39	2	0	6	41	0	0	13	20	18	38	0	0	12	79	0	0	14	17
chr9	111597807	111598739	44	0	97	275	63	5	84	151	20	19	107	0	43	105	169	1	37	136	18	19
chr9	131012494	131013501	10	25	0	0	12	34	2	18	21	31	18	61	1	0	14	35	1	18	40	30
chr9	122551426	122552648	4	52	2	0	6	79	2	0	24	21	12	36	10	0	29	47	0	0	30	52
chr9	134794371	134798605	68	387	14	6	40	212	12	16	116	142	94	359	6	10	68	309	12	26	232	273
chr9	133012491	133014655	32	112	0	32	43	131	2	0	44	70	31	133	12	0	46	186	0	12	77	73
chr9	36470435	36471588	4	0	31	26	10	2	14	10	4	6	76	7	750	439	59	17	532	418	223	283
chr9	113222895	113223272	0	0	42	83	7	2	20	16	6	4	0	0	24	69	6	2	27	7	4	12
chr9	69093949	69094463	6	0	49	10	4	0	32	0	6	16	6	2	50	0	8	4	31	7	19	18
chr9	41304204	41314310	148	474	28	18	140	819	38	34	210	248	316	990	73	35	358	1824	92	46	622	712
chr9	135123718	135125142	34	135	4	10	22	92	0	0	53	42	26	118	2	0	30	138	5	6	90	102
chr9	129640785	129641384	6	0	67	179	12	0	27	136	16	28	16	3	52	139	10	3	44	96	16	10
chr9	33654123	33656084	4	133	0	8	20	110	0	4	14	32	22	99	2	0	9	138	8	0	40	30
chr9	135779861	135781489	32	114	4	40	30	80	2	16	103	61	38	185	2	28	58	120	6	1	125	107
chr9	63816806	63818255	131	205	32	102	96	163	43	89	328	321	331	610	50	120	273	349	43	115	656	650
chr9	72125165	72125516	16	3	36	0	6	0	62	1	11	21	1	7	53	0	6	6	48	0	18	29
chr9	108031254	108033006	35	9	347	176	37	15	271	28	71	96	37	22	422	62	46	31	375	42	79	64
chr9	135634538	135636949	22	129	2	24	16	83	0	2	54	56	44	140	4	6	26	106	16	0	48	67
chr9	19126391	19127297	19	8	3	0	2	2	6	6	10	18	10	0	219	393	26	11	258	486	20	26
chr9	116547688	116548388	22	14	68	24	18	6	35	38	24	28	22	4	128	31	14	7	79	0	40	37
chr9	134270466	134270830	4	33	0	0	7	38	0	5	22	21	4	50	2	1	22	47	0	4	22	16
chr9	134065420	134065947	22	3	105	120	8	2	83	108	19	27	23	6	89	103	23	10	76	142	48	40
chr9	127874757	127875145	5	0	81	61	6	0	12	4	8	16	5	0	50	12	2	6	37	38	36	26
chr9	131762193	131762825	65	22	26	18	113	29	0	18	24	18	100	6	3	46	128	5	12	8	32	20
chr9	41223699	41224784	24	112	6	10	25	131	14	0	33	34	54	178	17	11	40	174	8	4	48	63
chr9	33632835	33635278	14	82	0	0	16	123	4	0	33	12	8	88	4	0	26	136	0	0	26	34
chr9	127786990	127787438	2	0	31	139	6	0	3	33	4	12	2	0	35	70	18	0	13	27	8	14
chr9	133639350	133640617	18	66	2	2	12	49	0	2	42	36	25	58	0	2	12	74	2	6	70	46
chr9	79257998	79258499	4	38	0	12	4	17	0	0	11	12	6	36	2	0	10	48	0	12	21	13
chr9	72118729	72119575	7	4	130	14	2	2	111	28	9	24	5	0	122	4	10	2	89	20	31	14
chr9	36130580	36138829	110	682	34	462	74	541	51	356	211	228	142	722	63	678	148	837	57	632	318	304
chr9	75965030	75965510	2	0	92	28	2	2	72	2	8	6	4	1	59	0	3	0	70	8	6	12
chr9	79818184	79819625	8	45	12	4	9	43	6	10	34	34	21	71	2	0	13	128	2	4	36	61
chr9	133644549	133647397	49	173	16	12	14	104	1	0	62	61	32	199	6	0	33	159	4	0	84	79
chr9	135864436	135864877	0	0	0	0	0	0	0	0	0	2	65	6	22	0	78	5	17	8	21	15
chr9	134230459	134231510	14	111	12	4	13	86	1	4	59	42	39	103	2	4	30	102	8	0	81	87
chr9	136363802	136364209	33	2	21	72	38	8	6	38	14	12	38	0	10	77	51	2	17	38	14	18
chr9	136253517	136255152	27	124	12	47	48	123	12	26	90	73	61	143	36	178	65	138	23	126	103	101
chr9	137035322	137035737	92	4	29	36	84	2	19	7	14	12	59	0	7	25	131	0	21	26	8	15
chr9	134934889	134936887	30	181	6	2	16	105	0	14	46	39	15	165	16	0	31	185	10	0	72	80
chr9	130909855	130911023	30	68	17	2	26	48	2	0	65	79	17	71	12	30	43	96	0	34	81	68
chr9	33715935	33717632	16	60	2	0	8	44	4	0	10	12	8	50	0	0	12	102	0	2	19	18
chr9	69486594	69487154	10	0	79	12	17	0	61	8	16	13	5	4	67	4	24	5	85	0	21	34
chr9	136481238	136482217	13	2	139	350	6	2	88	235	8	24	18	4	70	247	22	0	67	162	32	40
chr9	126113175	126116241	37	236	8	0	48	147	12	0	58	68	28	229	12	0	47	196	0	4	114	103
chr9	110487924	110489027	0	37	2	18	2	42	0	12	10	8	2	44	3	0	20	69	2	0	30	15
chr9	133008121	133008655	17	20	5	19	10	22	0	0	13	8	2	47	8	24	9	53	2	0	12	18
chr9	32786485	32788628	5	48	0	0	4	55	2	1	11	9	8	42	0	0	7	75	0	0	18	19
chr9	133563800	133564303	21	18	42	21	8	10	39	27	36	22	8	37	75	8	35	47	71	20	30	22
chr9	134537252	134538495	29	122	6	0	14	63	6	0	65	50	24	120	4	0	32	100	0	4	116	67
chr9	126676848	126677935	6	27	12	0	7	31	0	0	11	23	20	35	0	2	8	58	0	0	28	14
chr9	132245738	132247678	14	85	16	23	23	99	0	0	46	67	28	113	4	46	33	160	10	12	88	78
chr9	133333854	133334261	3	6	88	60	8	0	48	16	6	12	4	0	43	34	6	2	78	48	26	16
chr9	72305238	72306473	6	1	98	149	21	4	81	96	24	27	10	9	150	57	29	18	135	74	56	68
chr9	122094018	122094674	17	67	0	34	12	23	2	1	19	28	26	48	0	0	10	78	2	41	16	11
chr9	35989054	35990758	6	62	8	0	10	100	2	0	20	13	15	81	8	0	22	74	0	8	32	19
chr9	36042300	36043180	7	71	2	4	13	60	0	1	11	10	16	65	2	0	21	65	8	1	19	25
chr9	35995711	35998289	45	124	8	18	40	71	8	8	66	59	48	187	6	4	34	233	12	2	113	104
chr9	133522794	133523155	1	28	1	2	12	5	8	0	23	19	7	38	2	2	7	46	14	1	15	22
chr9	116180288	116180716	2	27	0	0	4	40	0	0	2	6	6	26	0	2	8	36	1	0	16	13
chr9	69132914	69133745	14	6	119	127	11	8	67	11	22	46	36	13	153	65	35	7	94	57	29	48
chr9	75950326	75951087	11	0	341	38	22	4	311	18	18	21	6	4	205	26	4	0	239	29	9	2
chr9	19001207	19002455	30	42	6	0	10	89	0	0	25	44	13	52	0	4	35	149	8	2	33	43
chr9	79393034	79394473	12	67	2	0	23	45	0	24	18	36	4	69	8	0	22	150	0	0	44	53
chr9	126122757	126123511	17	61	0	0	16	49	0	0	33	23	23	67	0	0	19	81	0	0	38	33
chr9	122954503	122954923	9	4	48	66	0	0	45	21	7	10	16	0	52	0	8	6	94	21	14	2
chr9	136257059	136259424	20	113	8	50	2	63	6	0	34	54	32	132	8	2	27	111	1	26	92	101
chr9	70853836	70854742	0	24	2	0	0	67	0	8	8	14	13	37	0	0	24	39	4	0	10	12
chr9	133374403	133374975	4	2	43	129	4	0	3	57	8	10	5	1	41	84	2	2	21	39	14	6
chr9	121652092	121653760	15	14	432	736	16	39	124	247	28	32	33	48	275	693	41	94	80	250	85	71
chr9	134539088	134540911	22	123	2	0	18	98	6	4	79	51	27	141	8	8	28	176	6	24	88	66
chr9	6247542	6248164	2	4	87	14	12	1	30	26	13	10	7	2	87	6	15	3	67	6	26	23
chr9	122914054	122914510	2	0	32	78	2	0	8	91	15	18	12	0	29	32	6	4	38	91	6	11
chr9	69867839	69868655	0	53	2	0	4	77	2	20	14	22	12	43	0	0	9	128	0	0	28	20
chr9	33753970	33754482	14	2	63	57	13	0	37	53	14	8	7	0	77	42	3	0	67	45	8	8
chr9	19464441	19465024	62	22	4	62	50	9	43	79	24	16	82	13	17	88	102	7	34	108	39	40
chr9	131046647	131047264	28	15	11	8	72	17	8	31	11	22	65	6	2	55	45	8	0	46	27	42
chr9	130446487	130447285	8	2	228	381	6	0	50	156	18	14	2	2	112	208	38	0	51	163	30	26
chr9	109478614	109479175	3	0	96	18	1	2	49	2	16	15	12	11	42	2	21	1	77	6	20	12
chr9	133001380	133002590	12	53	5	0	9	41	0	2	47	47	13	63	10	14	23	96	2	10	30	47
chr9	66299625	66301156	24	19	206	78	36	30	226	68	37	63	30	18	362	159	36	29	369	102	60	93
chr9	36121845	36122343	6	42	0	12	0	24	10	8	20	21	15	48	0	0	18	92	0	0	37	32
chr9	110207567	110208247	6	0	425	211	16	0	331	140	12	0	1	0	262	137	8	4	292	53	18	8
chr9	133419052	133419617	4	6	34	28	14	0	45	25	14	2	4	0	31	32	16	0	66	31	4	16
chr9	134703615	134706884	62	248	30	10	52	199	0	8	133	128	74	370	9	12	78	265	12	0	201	206
chr9	135688517	135689059	9	52	0	18	12	43	0	0	54	41	12	67	15	0	15	42	0	30	48	54
chr9	112176667	112177124	7	4	107	51	8	0	57	6	13	14	5	0	76	18	3	0	96	36	18	42
chr9	111957989	111958552	16	0	69	20	12	5	125	60	19	14	2	6	114	30	6	1	129	44	24	13
chr9	134240000	134244114	41	231	0	10	27	142	0	0	92	65	16	236	14	52	33	201	0	12	92	91
chr9	114852557	114853000	6	1	132	12	8	2	82	38	8	4	8	2	64	36	6	0	95	0	2	8
chr9	34374087	34374623	5	4	114	68	2	6	65	4	22	14	12	0	119	34	14	3	74	16	21	26
chr9	131765522	131766628	14	56	2	10	20	45	4	0	46	33	12	55	2	0	30	131	2	4	70	55
chr9	76919342	76921699	26	93	2	0	6	95	0	0	27	38	10	91	2	2	26	125	2	0	42	64
chr9	41088483	41089178	110	21	1	22	186	9	2	50	37	41	79	28	9	112	146	26	32	117	43	66
chr9	134646485	134647495	16	46	2	0	2	67	2	4	42	28	19	82	2	0	30	42	6	0	44	41
chr9	110203733	110205179	14	0	563	233	16	0	488	286	62	34	34	2	452	206	30	0	390	172	50	41
chr9	135982656	135984213	17	145	0	22	13	71	0	23	39	43	29	169	0	20	26	174	11	0	80	67
chr9	33642525	33644799	39	90	2	2	22	114	19	0	22	14	8	118	14	0	11	222	0	1	33	27
chr9	38226856	38227259	6	7	17	33	8	2	24	55	12	12	0	14	17	50	5	7	17	88	24	23
chr9	124163633	124164245	11	34	0	0	18	49	0	0	6	2	9	47	4	2	8	67	2	0	20	27
chr9	134799478	134801077	9	68	0	0	17	25	0	0	35	23	18	71	2	5	25	49	2	0	34	54
chr9	128110954	128112196	22	2	185	196	24	0	128	104	26	44	14	6	197	190	28	8	148	92	38	36
chr9	110484178	110485561	18	50	2	0	17	86	0	0	23	26	19	61	8	0	32	86	24	2	42	42
chr9	107598247	107598944	11	5	83	0	13	14	61	14	13	13	8	0	115	0	25	12	63	0	33	29
chr9	126526592	126527512	14	39	0	0	4	46	1	24	33	19	14	70	2	2	30	83	14	0	30	52
chr9	135654802	135657880	19	168	6	32	17	90	2	0	67	57	57	174	16	0	30	168	4	20	82	107
chr9	72152261	72154830	44	14	928	471	42	20	1030	322	36	50	22	10	794	333	40	8	918	248	44	57
chr9	69873450	69875053	16	29	0	0	21	78	0	0	16	27	19	62	18	10	11	102	12	0	31	32
chr9	18910563	18911351	6	38	0	0	7	67	2	0	21	24	12	42	4	18	6	100	0	0	17	29
chr9	37675164	37676780	13	77	4	0	14	82	0	0	24	48	32	62	0	29	19	107	14	2	38	54
chr9	127562855	127563610	8	2	105	36	20	2	65	49	31	32	7	2	115	50	4	0	81	68	20	26
chr9	7799808	7800138	6	0	26	30	4	0	79	48	0	4	4	0	19	42	5	0	34	81	6	8
chr9	108039231	108039590	4	0	24	0	7	0	46	0	8	14	6	0	46	0	5	4	33	10	14	20
chr9	79359395	79360331	13	49	0	0	14	38	2	0	10	6	17	60	0	0	8	67	4	0	9	30
chr9	133273682	133276513	60	12	1456	1983	99	8	642	1520	81	110	72	35	1086	2040	88	218	351	1110	130	144
chr9	33628384	33628773	3	48	0	0	7	29	3	0	8	23	11	39	0	1	12	74	4	0	16	17
chr9	4144420	4146363	20	0	923	185	18	0	1160	278	14	38	24	2	855	104	28	16	792	139	63	68
chr9	135213144	135214921	21	96	2	0	12	31	0	12	28	29	30	93	2	4	26	85	2	20	52	36
chr9	130921810	130924126	41	159	4	14	27	94	4	0	62	70	76	159	16	38	44	213	10	25	104	106
chr9	38140614	38142206	22	38	2	4	11	31	0	0	30	33	11	80	4	22	23	61	6	2	36	48
chr9	115116792	115117260	7	27	10	14	1	10	0	8	8	10	2	68	16	10	10	40	5	0	20	14
chr9	33613440	33614616	6	76	0	9	8	44	4	0	39	31	16	82	2	0	21	102	3	6	38	68
chr9	69186146	69186858	12	6	129	3	10	0	112	61	20	5	8	4	116	43	15	4	141	42	24	17
chr9	33447069	33447764	30	14	103	386	35	8	64	240	34	51	47	16	35	275	52	19	68	513	56	54
chr9	133936430	133936958	6	0	112	13	6	0	36	16	12	10	14	0	83	35	14	2	54	4	22	12
chr9	134091776	134094297	29	104	5	4	22	130	6	0	41	57	51	156	6	10	19	198	19	2	46	55
chr9	112965662	112966713	11	49	2	2	7	43	0	0	12	23	6	67	0	0	25	61	0	0	18	27
chr9	126966580	126967411	17	2	53	2	7	0	30	0	2	14	1	0	49	0	6	1	54	0	16	25
chr9	19008733	19012518	37	140	12	22	26	160	4	0	50	70	37	211	4	24	56	335	24	4	64	95
chr9	134700650	134702202	50	90	2	24	23	64	0	0	65	47	18	152	6	0	38	152	2	2	89	124
chr9	33523445	33525127	9	46	50	126	4	15	54	123	99	105	177	187	585	2641	182	65	1657	3887	329	362
chr9	114719155	114719588	6	0	202	22	7	4	102	0	5	15	10	3	146	6	10	0	114	32	13	20
chr9	71756796	71757335	0	6	53	24	9	3	52	24	7	8	2	0	52	34	19	1	77	17	11	12
chr9	112947303	112947840	7	28	0	0	2	27	0	0	20	5	4	50	0	4	8	38	6	0	30	11
chr9	136690872	136691414	8	0	55	0	4	0	29	24	16	22	20	0	33	2	23	0	73	8	28	22
chr9	121598170	121598676	16	2	30	126	25	15	21	51	8	18	12	12	58	110	36	13	18	110	20	14
chr9	126223672	126226472	66	165	26	4	45	179	4	2	76	103	66	221	28	0	61	295	4	0	180	127
chr9	69668366	69669928	19	74	0	6	10	110	0	0	27	20	12	94	2	4	24	143	2	28	29	32
chr9	134098089	134101176	130	123	10	26	118	86	8	8	65	67	146	209	8	38	221	167	10	4	107	97
chr9	136688690	136688949	7	0	59	4	0	0	35	10	6	3	23	0	41	8	6	2	46	2	14	18
chr9	135302468	135304740	27	112	2	0	20	93	2	0	72	60	32	122	32	20	49	119	2	0	84	60
chr9	19160719	19161682	22	4	285	22	18	2	240	6	16	18	20	2	192	50	22	2	256	31	25	26
chr9	137620383	137620805	13	4	33	72	0	0	39	14	16	12	6	2	41	47	4	0	53	55	32	14
chr9	1965944	1967030	6	44	6	0	15	59	0	0	21	28	8	66	6	6	21	117	8	0	36	45
chr9	122172059	122172938	8	44	4	0	6	39	0	0	19	21	16	52	0	0	13	85	2	6	26	34
chr9	7244756	7245727	4	53	2	3	2	31	0	0	14	14	6	42	1	5	12	73	0	0	24	29
chr9	134220574	134222309	20	103	8	0	19	55	2	0	20	40	18	100	16	14	29	133	7	2	64	68
chr9	126521921	126522319	11	44	2	4	7	28	0	0	28	16	6	68	0	10	17	74	0	0	10	22
chr9	126862726	126863128	2	0	83	44	2	0	58	30	2	8	8	0	63	26	0	0	82	27	4	6
chr9	36013056	36014897	20	88	2	0	8	70	4	1	35	31	27	86	0	0	31	94	2	0	70	54
chr9	131634806	131635396	9	4	62	6	3	0	26	14	15	17	14	0	64	11	8	1	64	12	14	7
chr9	33925186	33925514	58	0	18	0	44	0	29	0	16	18	61	0	6	5	78	0	6	0	26	37
chr9	137063946	137064317	22	1	19	0	51	0	6	0	4	4	42	0	10	0	47	2	14	4	11	12
chr9	35661702	35662409	13	6	78	23	10	0	28	58	24	13	7	2	74	46	10	0	106	30	48	42
chr9	129180960	129181344	7	0	78	31	8	0	55	0	6	17	2	0	126	4	0	2	41	0	4	4
chr9	135659398	135660491	13	54	0	4	4	21	0	0	20	27	10	71	0	6	16	35	0	16	30	53
chr9	127422766	127423707	17	0	132	374	12	0	70	210	19	16	10	0	98	346	12	2	89	165	24	29
chr9	74648974	74650072	6	29	0	0	3	26	0	0	7	10	10	25	0	0	19	54	0	0	7	3
chr9	107466014	107466536	2	5	38	198	17	13	13	148	10	21	11	23	22	204	48	25	15	168	25	19
chr9	126117833	126118318	13	53	4	0	12	39	3	0	39	22	18	83	0	4	11	92	2	8	65	43
chr9	35979283	35982826	48	117	10	16	22	96	12	2	48	24	40	217	0	2	32	221	10	22	65	57
chr9	129460421	129461133	17	0	694	222	42	0	808	275	14	10	2	0	585	329	16	2	419	178	19	12
chr9	127545712	127547452	47	2	488	239	20	6	445	132	55	56	30	6	548	230	35	10	489	145	86	81
chr9	132405759	132406478	6	4	21	176	2	0	23	111	20	17	4	4	26	151	4	0	24	114	6	6
chr9	136127280	136128848	11	56	0	6	15	55	10	3	20	21	14	78	6	6	33	121	6	18	49	56
chr9	70866730	70868791	8	86	0	8	6	56	8	0	25	18	12	83	0	0	12	157	7	0	38	43
chr9	20305127	20305673	14	15	0	0	12	50	0	0	24	19	11	56	2	0	15	74	2	0	30	29
chr9	4759527	4759826	21	0	1	0	19	4	4	10	6	5	36	12	1	0	25	8	2	0	20	17
chr9	133138265	133139126	13	0	115	15	20	8	94	12	13	20	24	5	112	52	30	0	121	10	37	44
chr9	132162204	132162982	14	89	2	234	4	84	0	152	16	12	7	132	7	152	35	109	0	211	42	28
chr9	136356955	136357734	19	72	0	0	5	31	0	0	47	44	20	63	12	10	13	90	10	34	74	58
chr9	34072619	34072898	0	0	38	24	0	0	22	25	8	3	5	2	21	22	10	0	48	30	16	9
chr9	134223956	134229067	62	294	8	0	33	139	4	4	104	96	52	319	38	34	63	330	22	48	194	196
chr9	15002070	15002922	16	42	2	0	14	22	0	0	31	24	4	70	0	0	34	65	6	0	46	29
chr9	112272049	112272795	4	5	92	26	4	0	86	12	8	8	2	2	110	24	4	10	91	10	12	33
chr9	125272925	125273419	2	0	161	108	4	0	104	25	0	6	4	0	166	58	8	8	99	40	6	20
chr9	5831218	5833613	16	0	447	502	60	2	253	501	22	30	15	2	257	544	44	2	298	421	36	44
chr9	128192777	128193183	34	0	97	66	18	0	65	92	52	52	75	0	28	128	155	0	46	89	60	74
chr9	131770890	131771829	15	53	4	2	2	29	0	0	20	18	22	31	4	4	8	96	1	0	43	46
chr9	129557949	129558635	1	0	209	59	6	0	90	17	10	6	15	2	172	22	10	0	138	26	22	22
chr9	134083985	134085188	10	65	0	12	6	48	0	0	14	28	15	76	0	4	5	114	0	22	12	40
chr9	131747526	131747901	33	4	1	8	34	16	2	2	15	8	30	4	4	10	79	4	2	2	7	12
chr9	72119797	72121636	21	2	593	178	54	2	414	80	32	40	36	6	558	133	30	7	496	146	40	72
chr9	121322783	121323177	7	0	37	1	0	0	55	20	6	15	4	0	70	12	6	6	55	4	5	6
chr9	33403272	33403653	113	0	38	0	98	0	5	16	8	12	85	10	15	2	153	0	30	22	21	25
chr9	36328336	36328898	2	0	116	26	18	4	70	20	18	18	13	0	145	24	23	2	94	6	4	5
chr9	131833235	131833795	18	50	0	0	9	31	0	0	10	32	18	49	0	0	22	80	2	4	46	52
chr9	72155542	72156030	10	0	108	18	2	0	91	19	8	4	2	2	70	20	1	0	150	8	6	18
chr9	68414430	68416703	7	22	0	0	3	9	0	0	0	2	84	230	17	13	73	328	22	4	268	309
chr9	127188017	127188435	8	2	25	5	2	0	54	16	16	2	2	2	53	8	4	0	71	12	6	14
chr9	113387194	113387817	6	0	119	45	6	0	71	0	10	10	4	2	66	52	7	0	121	21	26	35
chr9	68370013	68373957	20	180	12	6	54	200	11	8	73	82	78	290	15	16	58	334	11	14	189	172
chr9	62864330	62871250	202	914	103	154	227	1249	57	130	370	387	254	1230	211	866	288	1304	182	859	482	513
chr9	18995905	19000119	36	148	2	0	29	215	10	0	94	107	56	228	2	18	43	320	4	8	92	136
chr9	1570799	1573026	11	115	14	12	30	135	2	2	46	32	20	157	3	0	48	228	14	12	41	64
chr9	134106725	134108263	26	98	1	8	10	47	10	0	12	28	14	150	4	12	31	112	2	3	32	36
chr9	134530530	134532483	23	119	14	0	10	89	0	0	32	58	25	95	18	30	71	181	8	0	80	70
chr9	3107927	3109800	4	90	2	12	16	116	2	2	45	42	21	130	2	0	33	152	0	0	34	61
chr9	1463408	1463760	0	2	74	11	0	2	70	2	6	8	4	2	39	0	16	9	88	37	15	11
chr9	35669693	35670070	6	4	72	21	2	0	19	38	14	5	2	2	30	50	4	2	103	8	19	4
chr9	121598851	121599390	2	10	34	76	4	26	11	75	6	20	11	6	22	120	4	23	34	102	22	14
chr9	134268884	134269342	4	22	2	0	2	27	0	0	20	22	10	45	0	0	9	51	4	0	29	16
chr9	14850002	14850881	6	30	0	0	6	65	0	0	10	8	9	57	4	0	12	84	4	2	18	20
chr9	128094746	128095450	8	0	90	40	5	0	65	22	10	32	16	0	96	36	24	2	115	26	49	25
chr9	36068754	36070206	7	51	2	0	8	40	2	0	22	17	10	82	2	0	11	82	6	0	19	30
chr9	38058066	38058778	27	0	91	32	12	8	91	49	10	22	10	0	66	47	12	2	188	107	32	35
chr9	75205946	75208613	32	109	25	162	22	136	10	120	72	78	72	171	74	164	60	262	33	279	94	121
chr9	76372511	76373322	10	2	92	54	14	0	122	32	26	18	10	0	154	104	12	12	105	41	48	37
chr9	35114217	35114979	8	4	209	212	8	0	112	152	20	10	16	0	170	204	2	6	225	122	18	31
chr9	136261075	136261826	9	37	6	0	16	31	0	0	29	20	13	79	8	2	12	104	8	0	32	40
chr9	114153859	114155122	66	46	13	178	54	17	48	274	30	23	44	52	6	234	75	35	33	525	46	50
chr9	126577556	126579378	26	90	4	0	4	62	2	0	46	48	18	115	0	0	18	133	2	0	91	78
chr9	69095270	69100390	58	0	2949	1560	68	10	2423	775	136	190	54	14	2776	836	122	8	3049	519	204	187
chr9	17523535	17524094	12	4	0	2	12	27	0	0	8	10	6	40	0	1	8	62	0	0	11	16
chr9	128116642	128117361	2	0	171	6	19	1	86	4	17	6	8	0	169	7	5	0	87	2	22	8
chr9	108056351	108056829	0	4	146	44	2	0	91	2	2	4	2	1	137	26	5	0	78	10	6	2
chr9	134443497	134443755	18	0	13	14	21	0	1	2	9	6	13	2	14	19	37	7	6	22	18	23
chr9	129596095	129596988	12	4	342	72	20	2	197	36	16	20	16	0	267	84	8	2	315	54	21	28
chr9	4901263	4901861	2	3	72	38	12	6	40	38	16	15	15	2	93	44	9	13	93	60	32	23
chr9	18483360	18485470	12	39	4	0	4	90	6	0	21	27	17	99	2	0	14	119	0	0	37	30
chr9	35657128	35658276	29	0	293	408	64	14	136	168	82	74	60	15	275	396	58	0	228	381	128	160
chr9	6135042	6135587	8	4	70	18	8	8	60	2	10	15	8	16	99	7	2	4	102	5	18	12
chr9	32524736	32525200	2	2	56	173	1	2	20	60	18	12	6	0	37	154	10	0	36	70	2	16
chr9	127198477	127199149	11	0	145	16	16	2	130	12	26	20	15	0	157	0	21	0	185	27	32	24
chr9	127560911	127562214	16	2	272	120	18	0	192	83	44	39	14	1	330	79	27	2	254	137	44	48
chr9	130410683	130411298	7	0	124	54	2	0	44	0	30	22	16	6	150	18	2	2	86	5	33	49
chr9	133533401	133536235	22	118	6	10	29	112	0	6	43	43	37	201	27	42	49	172	14	56	78	72
chr9	4762433	4763241	52	13	29	64	72	0	16	31	13	13	42	2	55	86	106	5	72	73	21	27
chr9	109769368	109771765	22	128	0	0	21	110	0	0	34	29	20	125	0	0	44	223	7	14	73	69
chr9	125707339	125707616	2	0	60	54	4	2	28	16	12	15	8	0	60	28	6	2	42	76	15	23
chr9	1021353	1023332	20	111	0	0	29	120	6	6	38	33	34	156	14	26	45	215	0	20	58	65
chr9	134516332	134516994	15	34	0	0	6	28	0	0	6	17	15	65	0	0	24	29	2	0	28	29
chr9	70870045	70871456	6	24	2	0	1	60	2	0	10	10	2	53	0	0	5	84	5	0	14	20
chr9	107592428	107592746	7	0	44	0	6	2	25	2	4	1	0	1	26	0	0	4	66	0	16	12
chr9	34637959	34638610	8	2	61	153	4	0	58	115	12	14	3	2	87	112	12	2	85	153	8	13
chr9	122230388	122231651	2	25	4	4	2	49	0	0	17	4	8	42	0	0	11	80	0	6	16	10
chr9	136695682	136696558	34	0	114	34	31	8	86	4	44	54	48	0	155	24	28	14	168	74	80	74
chr9	131807511	131808602	2	23	0	0	2	30	0	0	14	11	5	20	1	0	20	54	0	0	16	27
chr9	137302691	137303608	7	5	56	124	19	0	40	79	24	14	15	0	127	118	31	13	81	116	31	26
chr9	135652662	135653101	7	29	0	6	6	11	0	0	11	22	5	44	0	0	6	48	6	18	15	33
chr9	130444776	130445521	16	4	327	501	7	0	148	348	16	18	10	2	271	394	17	4	168	406	8	10
chr9	4658364	4658877	4	0	41	2	4	4	49	24	13	12	2	2	99	5	10	4	62	7	10	13
chr9	72366185	72366609	5	0	58	26	14	0	48	21	3	8	0	0	61	59	4	4	60	34	10	8
chr9	133612302	133613305	4	39	0	0	0	33	0	0	14	16	8	69	0	2	2	46	4	0	18	24
chr9	122947143	122947828	2	0	177	22	8	0	164	31	2	2	2	2	113	28	0	0	195	43	6	2
chr9	131393568	131393931	26	0	53	95	3	0	20	29	0	2	24	0	48	55	13	10	27	108	8	10
chr9	128455277	128456012	21	0	74	310	18	2	49	211	25	39	6	2	52	332	12	0	31	295	24	26
chr9	133252570	133254640	48	23	1554	300	27	12	1067	48	38	64	68	12	1292	443	49	16	1128	326	82	101
chr9	126227163	126228595	20	77	0	4	12	57	0	0	50	40	30	144	2	30	25	65	2	2	46	63
chr9	127564231	127565232	8	0	127	109	5	0	64	41	36	39	14	2	132	114	30	11	146	76	36	48
chr9	126940244	126940813	23	0	150	102	38	0	174	48	10	12	34	0	198	98	30	0	230	53	14	4
chr9	129570817	129571255	3	0	66	76	4	0	37	0	8	4	3	2	125	11	10	6	69	11	11	18
chr9	2465645	2466077	12	0	46	32	10	0	57	6	12	4	6	2	90	39	4	5	77	0	16	24
chr9	124058181	124059155	7	60	0	0	11	74	0	8	27	35	34	90	8	0	23	127	7	0	27	30
chr9	110206071	110206863	2	10	170	112	2	0	172	99	8	4	1	0	171	143	10	0	214	46	12	14
chr9	34664546	34665468	38	0	110	270	27	2	85	319	24	21	41	0	162	332	24	4	129	349	44	43
chr9	129607373	129608820	46	0	409	144	32	2	281	52	18	32	33	4	404	182	42	2	358	104	38	38
chr9	38619741	38620581	23	2	178	481	18	2	219	384	107	138	14	3	126	357	8	0	279	597	22	20
chr9	4290545	4292204	5	0	119	8	10	0	177	44	23	16	20	3	195	22	25	4	192	34	39	47
chr9	2011412	2011985	7	35	2	0	12	29	0	0	15	25	15	70	15	4	12	52	2	16	15	22
chr9	15330135	15330973	8	0	181	94	16	4	213	214	8	15	11	0	190	120	30	0	404	136	17	43
chr9	131531349	131531708	1	0	90	113	13	0	54	185	2	4	2	0	97	178	3	2	45	135	18	12
chr9	126583270	126585222	9	72	0	14	18	65	0	4	26	30	10	139	6	10	14	166	0	0	49	43
chr9	137028987	137029669	161	2	38	76	138	13	16	38	30	18	225	2	17	92	271	6	16	50	34	34
chr9	131053329	131053620	26	19	0	0	28	16	8	0	8	4	41	14	2	0	61	15	0	0	4	24
chr9	131738349	131738929	12	0	88	157	4	2	34	120	10	10	10	0	110	189	28	6	54	119	18	26
chr9	135299229	135301503	11	70	14	6	20	59	0	0	40	28	22	144	2	10	29	94	2	34	75	64
chr9	76401789	76402286	4	2	18	17	3	3	51	22	14	4	2	0	40	32	8	0	55	36	21	22
chr9	127572567	127576642	86	20	2742	638	70	14	2225	350	142	124	100	14	2679	552	102	8	2951	384	206	164
chr9	35660795	35661439	38	0	109	25	38	6	38	40	12	24	52	0	120	41	39	0	138	60	35	66
chr9	121599980	121600386	2	4	34	115	6	20	2	105	8	4	9	10	18	146	8	17	18	131	18	17
chr9	73149933	73150664	2	12	80	26	2	0	45	10	8	4	6	2	83	16	7	0	98	12	8	12
chr9	122940958	122941270	11	0	60	105	8	0	32	10	4	4	10	0	66	30	14	0	52	98	2	6
chr9	112325365	112326363	3	9	66	27	10	4	138	40	22	14	16	0	80	92	16	2	158	62	20	30
chr9	38063291	38064046	6	0	89	203	8	2	126	197	14	10	12	0	167	176	10	5	176	198	14	16
chr9	112117271	112118899	18	0	238	36	16	2	157	44	22	14	30	0	244	26	34	0	306	10	34	31
chr9	128083438	128085654	126	4	160	48	102	4	232	28	48	63	102	8	270	99	167	12	399	83	129	114
chr9	111995011	111995795	12	0	20	2	15	3	91	0	17	30	13	4	66	12	9	13	110	22	30	17
chr9	112162784	112163150	0	0	54	8	4	0	56	32	6	2	8	2	65	10	16	0	92	11	2	10
chr9	112916946	112917459	14	10	51	63	0	4	55	4	16	7	7	6	125	26	4	10	86	42	29	17
chr9	136685334	136686157	14	0	232	347	6	2	111	144	10	14	18	0	252	257	12	0	171	200	22	14
chr9	34547925	34548343	95	19	6	0	92	10	0	0	18	26	120	10	4	0	135	32	0	0	16	24
chr9	117019712	117021815	7	82	2	0	0	85	2	0	14	16	16	84	0	0	36	86	1	0	42	52
chr9	126524770	126525253	6	29	0	0	10	36	0	0	7	28	16	50	2	2	8	89	0	7	22	39
chr9	69759035	69760099	13	6	239	616	12	0	148	637	40	30	7	2	251	594	30	8	294	645	71	84
chr9	4508382	4508672	0	0	26	1	2	4	53	2	11	14	4	0	41	22	5	0	50	8	14	15
chr9	14968008	14968678	6	14	0	0	8	32	2	1	13	9	6	50	6	2	12	72	0	0	17	8
chr9	129202566	129203497	13	0	64	258	13	0	88	116	17	10	20	1	68	242	30	2	113	171	37	20
chr9	115373706	115374951	16	2	184	80	17	0	217	32	18	17	6	6	301	16	19	28	336	45	33	29
chr9	108542986	108543303	9	4	64	10	4	0	32	24	4	16	1	2	101	22	6	0	68	12	10	16
chr9	121650725	121651253	0	4	140	89	4	1	49	44	8	16	12	4	198	100	4	11	68	34	14	7
chr9	71757771	71758464	6	2	128	40	4	2	86	82	8	14	4	0	132	64	0	6	161	94	12	10
chr9	72442450	72443203	10	0	95	28	6	2	77	6	25	8	2	0	115	22	2	0	139	2	19	23
chr9	16519156	16519931	19	32	0	0	17	16	2	0	28	8	12	54	3	0	20	108	0	0	43	43
chr9	34046101	34047748	31	8	144	246	14	3	102	324	30	25	14	0	136	330	12	2	208	360	20	17
chr9	35747370	35748100	7	0	132	244	0	0	63	138	6	8	8	0	138	185	2	0	66	198	14	16
chr9	111894959	111895487	6	2	18	10	2	4	43	39	7	10	1	2	55	31	15	0	80	7	8	4
chr9	136482700	136483105	4	0	120	276	7	0	59	154	10	10	4	0	141	221	24	0	141	179	34	18
chr9	18922628	18923198	0	41	4	0	7	28	0	0	20	22	5	72	0	4	12	89	2	0	17	23
chr9	75890327	75891226	42	0	312	661	32	0	177	384	42	45	36	0	390	482	34	2	263	599	50	79
chr9	130537543	130538424	16	40	3	0	2	58	0	0	36	12	10	107	2	1	6	99	0	3	30	32
chr9	34591269	34591691	13	12	0	101	17	22	4	19	12	10	14	16	23	75	24	11	11	133	23	18
chr9	72025808	72026208	4	0	83	36	6	0	59	0	2	6	9	0	125	6	10	2	72	18	13	18
chr9	33330242	33330657	0	0	53	4	14	0	45	6	0	4	4	2	62	12	5	0	73	8	2	7
chr9	132546225	132546551	2	4	8	0	8	0	39	0	3	8	8	0	15	6	10	0	51	17	10	8
chr9	133119509	133120061	2	0	42	131	11	0	2	10	24	24	10	0	60	98	15	1	28	66	19	22
chr9	36487999	36488499	8	0	75	144	10	0	65	139	8	10	12	4	108	175	8	0	108	157	20	19
chr9	112073144	112073991	13	0	68	4	13	2	71	0	13	17	16	16	77	13	16	3	128	18	14	25
chr9	133416321	133417137	10	0	35	274	4	0	19	118	30	38	14	0	50	229	30	8	76	206	12	24
chr9	1315872	1316862	6	51	5	0	0	25	2	0	6	17	9	49	1	0	14	80	4	0	40	33
chr9	34701263	34701529	22	9	0	34	38	16	4	7	12	4	56	18	2	68	32	8	2	6	20	12
chr9	127557160	127558552	23	2	172	111	6	2	91	34	25	40	8	4	326	36	36	0	184	36	52	44
chr9	128125348	128125748	8	0	44	86	10	0	13	5	20	8	3	0	50	58	8	0	51	66	13	18
chr9	128295483	128295906	36	0	167	12	24	0	95	27	14	12	22	0	125	76	31	2	147	102	20	30
chr9	113375384	113377652	55	6	2801	2593	54	10	1981	1713	114	102	18	2	2364	2138	78	4	2177	2254	86	128
chr9	123484427	123484831	2	3	77	58	8	2	29	2	6	11	6	0	101	63	10	6	33	16	14	4
chr9	136526231	136526681	3	8	44	23	4	11	43	8	14	8	5	0	74	52	10	6	25	55	16	20
chr9	134527362	134527809	13	34	0	0	2	13	4	0	10	16	15	54	0	0	6	52	2	0	37	22
chr9	15014239	15017411	22	75	3	0	20	134	8	0	28	34	35	121	10	4	29	282	12	6	87	86
chr9	133935398	133936209	27	0	351	102	4	0	125	12	32	14	24	0	432	103	12	0	101	59	20	39
chr9	69130364	69132643	14	4	500	482	38	10	433	240	88	96	40	4	664	458	58	24	589	525	81	120
chr9	107568906	107569199	0	1	31	2	1	6	14	13	10	10	5	1	52	20	10	2	25	0	8	15
chr9	36780537	36782502	16	28	48	34	16	0	247	49	38	22	45	28	140	39	39	10	431	60	76	57
chr9	36081208	36081695	2	22	0	0	8	34	0	0	13	14	8	60	5	0	8	57	6	0	23	39
chr9	114589285	114589860	3	0	19	45	2	0	10	90	6	4	14	0	25	115	2	0	22	50	14	14
chr9	128072661	128073563	6	0	59	36	4	0	68	2	21	12	10	4	60	24	5	0	140	26	25	12
chr9	127047993	127049259	10	0	118	26	12	6	187	21	18	35	23	0	165	34	34	6	279	54	34	42
chr9	122953776	122954229	2	0	69	44	2	0	62	18	2	10	0	4	95	18	4	0	99	40	14	11
chr9	114107786	114108302	206	6	30	28	243	2	3	8	24	32	230	2	15	20	406	4	23	8	44	42
chr9	111901610	111902112	10	0	50	60	12	2	76	16	11	16	9	5	82	58	20	0	105	79	12	27
chr9	34500786	34501055	35	0	0	22	32	3	8	0	2	3	42	1	2	0	84	2	5	0	14	9
chr9	21310506	21311735	7	68	0	1	6	39	1	0	17	25	12	77	2	6	23	123	7	0	33	40
chr9	72128661	72131655	38	2	1052	121	24	10	831	79	48	53	24	2	940	162	72	12	1276	104	68	60
chr9	133627744	133629435	23	67	2	0	4	10	6	0	24	18	22	101	12	10	20	59	2	1	30	48
chr9	33328383	33329146	8	2	210	82	4	0	172	36	8	2	8	8	241	38	2	0	277	42	8	20
chr9	126939268	126940013	10	2	467	66	8	0	373	128	20	20	4	0	476	130	20	2	544	38	14	26
chr9	129752308	129753073	28	8	252	384	18	6	107	178	26	26	30	2	356	514	12	6	76	243	22	30
chr9	38040352	38041836	14	0	190	6	10	0	213	42	32	18	28	2	166	28	30	5	391	42	56	46
chr9	136808342	136809099	8	0	154	360	26	0	106	330	16	14	3	0	168	364	14	6	180	407	8	22
chr9	126165780	126168181	15	91	8	0	17	103	0	12	33	35	14	145	0	74	20	189	2	0	62	57
chr9	35095834	35096773	82	2	189	292	100	0	175	269	33	42	142	0	226	356	186	6	288	394	57	47
chr9	129822850	129823967	2	0	32	250	0	0	17	29	6	12	10	0	52	140	10	6	54	140	10	12
chr9	131382758	131383678	28	2	152	56	13	0	61	0	20	33	32	4	196	71	26	6	124	30	39	51
chr9	114078207	114082561	107	12	1206	186	103	8	1496	134	89	121	99	8	1481	231	139	20	2385	136	170	145
chr9	33819282	33820187	4	2	64	221	2	2	90	110	4	22	8	1	96	230	14	0	107	142	20	8
chr9	112119144	112120480	8	0	428	66	14	0	317	62	30	48	8	0	400	78	16	6	536	124	32	68
chr9	128093813	128094478	11	0	84	20	3	2	56	18	28	25	11	0	83	40	21	0	76	80	25	33
chr9	985806	987700	11	68	0	0	12	78	2	6	18	37	26	102	2	24	31	163	6	4	33	34
chr9	18992494	18993959	9	44	4	0	24	39	9	14	28	37	13	149	0	0	32	142	4	10	75	55
chr9	69103130	69105856	32	2	873	293	40	2	845	216	30	90	30	18	998	248	54	0	1250	120	53	50
chr9	127803514	127804228	16	2	208	205	10	4	165	89	12	10	2	0	214	166	16	0	223	242	20	22
chr9	109489148	109489753	9	2	76	2	8	6	121	14	28	30	12	0	110	49	21	0	144	50	29	49
chr9	113385422	113386507	21	4	98	26	14	2	70	28	17	28	14	9	205	16	25	4	169	19	37	38
chr9	35646925	35647477	43	0	102	301	36	0	79	308	28	15	41	4	170	362	60	12	185	418	16	46
chr9	136526964	136527923	14	22	284	118	6	6	106	80	20	22	6	6	408	183	10	20	158	148	34	34
chr9	109035575	109036736	6	0	93	24	12	2	143	32	10	22	8	2	196	18	12	0	218	12	10	16
chr9	132169925	132170399	43	17	0	0	44	14	0	0	10	25	71	14	2	0	88	25	0	0	32	34
chr9	129579404	129579946	10	0	104	51	2	0	142	0	4	8	8	2	146	35	14	0	180	0	12	12
chr9	36258540	36259091	2	0	194	244	11	0	176	234	10	20	8	0	252	201	18	2	268	306	14	18
chr9	120869116	120869876	11	6	87	225	22	1	99	70	6	24	32	4	166	227	56	2	161	112	36	34
chr9	36322462	36322742	7	2	25	0	0	0	17	16	12	4	6	1	57	0	2	2	45	8	14	18
chr9	129751548	129752057	11	4	56	77	9	9	24	42	16	14	8	2	73	200	8	8	26	33	21	17
chr9	35659103	35659743	16	2	48	126	14	0	20	34	10	24	12	5	52	200	16	2	50	54	33	45
chr9	19151560	19151969	2	2	7	8	12	6	50	1	2	21	11	2	54	3	20	0	47	2	30	29
chr9	136694642	136695192	4	0	75	17	2	0	43	12	10	10	6	4	83	54	5	0	36	41	18	8
chr9	34329538	34330871	12	0	91	193	9	1	66	147	38	57	13	2	148	169	19	0	136	294	25	36
chr9	72292324	72293921	67	0	389	30	54	2	563	44	36	40	62	0	545	51	107	4	658	158	52	48
chr9	75951947	75953086	13	4	105	1	5	0	92	0	15	22	13	8	115	21	34	8	146	20	36	45
chr9	130450874	130451513	14	0	136	34	12	0	20	0	22	18	34	2	147	70	15	4	35	29	36	26
chr9	137311791	137312092	14	0	48	9	7	4	8	8	16	2	4	0	60	20	4	3	25	38	15	19
chr9	129566891	129567634	14	0	159	32	6	6	111	0	6	10	8	2	110	110	13	4	101	86	30	26
chr9	38437652	38438021	6	4	33	20	1	0	44	42	2	0	7	6	50	26	10	6	107	40	9	20
chr9	71725612	71727915	34	8	209	24	49	3	208	46	75	67	60	5	361	80	48	10	431	92	116	107
chr9	122406162	122406738	19	8	0	0	2	8	0	3	20	11	12	4	74	240	12	1	126	253	25	22
chr9	69036406	69037182	4	2	52	122	2	1	27	46	14	8	7	0	40	133	17	0	51	105	12	24
chr9	101718266	101720645	8	40	12	0	9	65	12	0	17	30	14	126	4	8	29	149	2	0	28	57
chr9	137045895	137046730	26	0	33	312	12	2	43	218	6	20	27	0	134	359	34	6	78	224	17	14
chr9	127199284	127199875	85	0	76	8	150	0	50	0	8	8	119	0	95	0	216	0	52	1	24	22
chr9	127503769	127504378	113	0	26	0	129	0	18	22	32	34	184	2	21	16	236	1	10	8	27	44
chr9	981393	982043	7	29	4	0	16	29	0	0	16	8	22	64	0	0	13	90	10	0	33	15
chr9	78775483	78776358	8	22	0	0	15	52	2	0	5	18	11	69	0	0	26	62	4	24	20	13
chr9	36190468	36192923	38	8	995	1952	40	2	685	1334	76	78	56	2	1260	1514	90	8	1141	1812	132	130
chr9	114806144	114807278	20	4	427	133	22	0	287	80	20	20	14	2	440	148	14	2	527	124	42	32
chr9	1653998	1655528	3	60	4	0	14	79	0	0	9	24	15	113	3	0	21	137	0	0	29	24
chr9	1458194	1458555	2	0	58	20	4	4	47	0	0	8	0	1	54	20	5	2	69	40	9	16
chr9	126985406	126985954	6	0	246	74	0	0	186	12	2	4	4	0	272	6	8	4	296	26	6	20
chr9	20620295	20622280	19	16	98	424	4	2	142	431	26	26	16	41	88	526	16	12	160	685	28	42
chr9	75086632	75087613	19	18	217	462	33	6	169	355	30	30	18	0	280	398	12	12	364	679	27	44
chr9	134523330	134525583	26	130	0	6	16	132	4	0	93	92	42	185	6	2	42	162	2	2	172	154
chr9	69178901	69180486	12	8	244	50	8	6	215	66	24	20	11	0	271	84	23	4	362	148	16	32
chr9	132186528	132187947	17	31	0	2	18	39	2	2	26	27	20	83	0	0	17	129	0	0	44	32
chr9	26891097	26891537	4	4	32	52	2	6	32	63	4	0	2	0	43	81	2	0	83	56	2	3
chr9	34611130	34612164	15	2	262	431	12	0	112	398	16	32	20	0	262	444	23	4	222	570	20	48
chr9	37594693	37594977	6	2	66	45	17	0	27	28	4	3	7	0	81	25	16	0	32	113	2	3
chr9	70258584	70259100	14	0	82	52	18	0	60	112	24	24	15	0	124	80	16	0	120	201	30	34
chr9	15018939	15024522	56	177	20	4	47	208	10	10	108	119	74	382	26	6	74	689	18	4	205	229
chr9	129642205	129642654	123	0	22	103	127	4	18	84	12	15	161	0	36	61	229	4	58	216	14	33
chr9	107750416	107750743	0	0	41	16	3	0	42	0	0	2	0	0	42	12	6	6	84	1	6	3
chr9	72127155	72127734	18	4	132	28	4	0	103	28	4	4	0	0	164	17	8	0	207	20	6	6
chr9	108691397	108692569	4	6	100	18	10	6	99	34	13	17	16	8	174	87	10	8	150	20	26	19
chr9	112167444	112169825	13	10	747	150	36	0	631	80	28	57	32	8	842	196	32	6	1045	100	58	70
chr9	127802690	127803362	2	0	278	430	4	0	136	178	32	18	12	2	296	266	36	0	286	365	24	32
chr9	129549849	129550634	15	0	234	444	8	2	158	208	8	14	6	0	170	359	20	0	240	466	18	19
chr9	71759345	71761846	34	4	714	316	30	8	725	202	42	50	36	4	794	314	52	10	1176	465	70	98
chr9	108057600	108058191	4	0	108	8	10	0	112	38	12	10	0	2	135	49	12	2	189	34	28	14
chr9	66179209	66180111	10	41	0	0	14	35	0	0	22	23	7	97	6	0	24	115	3	0	86	85
chr9	15423284	15423905	0	0	74	182	8	2	63	148	8	8	6	0	77	205	8	0	62	226	0	16
chr9	75963936	75964407	6	0	80	32	4	6	88	4	6	12	0	0	101	34	12	0	156	26	7	16
chr9	4814453	4815509	6	4	25	46	4	0	83	29	14	13	14	4	103	6	20	6	165	40	29	39
chr9	108058594	108059727	9	4	340	58	11	1	164	26	10	14	29	8	436	96	18	10	262	22	24	28
chr9	32384592	32385120	18	0	154	647	6	0	119	308	12	16	8	0	156	507	12	12	125	663	29	30
chr9	112165177	112166028	7	1	85	3	14	0	109	36	7	8	16	2	105	9	12	0	214	30	18	32
chr9	1018626	1020349	11	47	2	0	27	81	0	0	17	26	18	101	3	18	28	172	10	26	37	62
chr9	134332638	134334445	39	4	118	36	21	10	212	170	88	87	58	14	306	103	51	10	377	309	148	192
chr9	35604641	35605259	13	0	262	443	6	2	223	339	30	22	24	10	238	500	20	0	196	655	34	38
chr9	16729626	16731026	10	21	0	0	16	38	8	0	16	10	6	61	2	22	18	111	0	0	24	31
chr9	14846859	14847197	33	13	0	2	48	27	0	0	7	17	62	17	16	0	96	24	0	0	28	24
chr9	37120170	37121586	32	2	305	698	30	6	232	753	34	22	16	4	466	888	30	0	380	830	48	44
chr9	68705437	68706136	12	0	270	361	28	2	164	402	10	14	24	0	339	513	24	2	213	436	14	12
chr9	136864909	136866219	12	0	223	458	10	1	111	289	14	16	12	2	164	482	18	0	178	491	18	19
chr9	20071348	20071663	2	18	0	0	3	11	5	0	13	8	3	29	0	0	11	61	0	0	12	19
chr9	34911232	34912153	7	28	0	0	4	47	4	0	16	18	14	51	0	0	20	117	12	0	24	32
chr9	109497647	109499353	20	4	424	570	18	0	249	560	18	16	22	2	344	599	34	12	322	994	36	54
chr9	36275927	36276528	8	0	144	93	0	0	37	17	4	4	4	2	152	119	4	6	81	21	8	2
chr9	19399608	19400137	0	0	8	0	2	2	29	0	8	14	6	0	12	8	6	0	56	7	6	8
chr9	113388655	113389512	4	4	229	21	6	4	185	30	22	16	4	0	282	46	14	0	296	54	20	22
chr9	36274811	36275712	18	2	144	126	4	0	128	62	13	14	4	2	163	170	9	4	195	145	12	22
chr9	37611611	37612317	13	0	39	40	10	5	50	7	21	20	16	3	96	38	24	3	126	37	46	48
chr9	131735985	131736599	11	0	109	34	4	0	61	12	4	2	6	0	165	33	4	5	97	28	14	8
chr9	107557373	107557701	2	1	13	22	9	4	50	8	10	4	6	4	19	29	6	2	82	32	16	23
chr9	19476564	19478399	16	118	0	0	8	134	2	0	30	60	26	175	4	36	31	254	5	2	40	68
chr9	130414709	130415234	4	0	121	20	10	0	65	0	2	12	18	0	180	15	10	5	83	0	14	38
chr9	21192202	21195071	53	59	14	0	19	105	0	22	107	78	47	231	0	8	62	287	8	10	189	141
chr9	33233133	33233722	8	0	45	12	4	0	68	0	4	0	4	0	78	4	4	0	104	14	4	15
chr9	32525604	32526436	22	0	457	517	24	0	299	595	48	38	35	0	451	645	27	8	481	906	50	85
chr9	77588138	77588829	2	0	186	62	2	2	147	6	4	10	12	1	199	48	4	0	252	16	14	20
chr9	113875726	113876127	11	6	26	80	8	11	16	74	8	4	6	28	8	99	4	18	4	201	4	12
chr9	122912449	122913669	8	6	272	458	16	0	287	399	26	25	10	2	284	519	26	2	321	705	52	56
chr9	6787679	6788289	9	0	77	60	0	0	120	24	2	5	8	0	166	54	6	0	134	52	20	24
chr9	41353757	41361719	299	41	2295	5856	305	46	1981	5206	560	613	608	56	6364	13007	667	80	5229	11511	1375	1385
chr9	73152924	73153435	6	0	57	126	2	0	73	47	4	2	4	10	88	89	2	2	82	144	14	2
chr9	125199430	125201020	27	0	450	890	46	10	243	714	54	53	20	11	422	1148	25	7	467	1068	63	52
chr9	36316710	36319565	62	4	2611	518	40	8	2258	230	110	120	66	6	2680	581	94	2	3225	518	146	192
chr9	127066238	127067402	4	0	148	8	6	0	134	16	24	12	0	4	172	12	6	4	243	41	20	14
chr9	6008622	6009291	2	0	31	121	5	0	61	49	6	6	12	0	72	121	17	4	99	98	20	30
chr9	33774910	33775749	8	1	55	48	2	0	93	4	2	0	0	0	109	3	10	0	117	42	10	4
chr9	72271914	72272409	131	0	17	0	120	2	10	0	19	10	146	4	7	7	222	5	26	20	33	41
chr9	111958768	111961441	46	4	385	142	29	4	420	40	22	49	34	2	452	163	28	7	836	130	72	90
chr9	109120192	109120875	2	1	75	134	4	4	70	159	14	8	7	2	88	167	14	0	136	243	24	20
chr9	33164440	33164937	2	0	50	97	2	0	40	4	8	2	0	0	60	76	8	0	87	37	6	17
chr9	72294402	72296426	22	0	704	88	24	2	566	42	44	45	24	4	710	130	26	0	999	84	57	72
chr9	136686588	136687647	21	10	645	975	18	0	389	450	24	18	26	2	633	730	37	2	663	976	28	28
chr9	37056121	37057796	3	30	0	0	3	48	0	0	12	16	10	50	2	0	15	106	2	0	26	29
chr9	15074729	15075513	3	23	0	0	10	44	0	0	12	11	7	66	2	0	11	105	2	0	27	15
chr9	33472759	33473465	5	0	32	194	2	0	38	100	16	14	2	0	64	252	0	0	53	123	8	16
chr9	125241539	125242150	14	2	334	424	24	0	250	474	19	28	14	0	411	492	14	2	306	738	34	29
chr9	35645673	35646044	8	0	39	53	2	0	29	25	13	2	1	4	44	68	4	4	44	74	4	13
chr9	115292785	115293119	2	1	29	35	1	2	9	7	4	11	0	10	65	11	4	2	50	10	4	16
chr9	7366270	7366700	0	0	0	0	0	0	0	0	0	0	12	44	0	0	15	55	1	0	31	33
chr9	2159889	2160288	2	0	42	47	0	2	59	35	8	4	6	0	34	84	4	0	85	79	10	13
chr9	129580544	129582413	29	4	341	360	16	0	219	140	30	30	34	4	495	370	24	2	468	226	56	36
chr9	127396360	127396819	4	0	52	277	18	2	63	340	55	40	12	2	32	526	18	0	56	415	77	99
chr9	133375356	133376114	6	0	450	596	10	0	217	460	6	6	7	8	392	644	22	2	365	650	23	14
chr9	33162950	33163919	12	0	302	124	2	0	220	117	20	14	13	2	421	170	16	0	308	161	32	50
chr9	7805509	7809164	12	53	10	0	8	113	13	0	16	30	30	138	34	0	34	221	12	8	38	45
chr9	116686603	116688411	10	8	260	635	30	2	154	504	34	30	14	2	248	895	32	10	302	706	40	58
chr9	5683369	5684304	15	6	2	6	2	5	1	5	12	22	10	12	75	101	17	9	156	217	13	44
chr9	76181266	76182118	13	0	125	28	2	2	95	0	6	10	8	0	141	9	22	0	169	46	8	18
chr9	131740144	131740557	48	0	2	12	21	2	9	2	8	7	47	0	8	24	64	2	0	20	17	8
chr9	72138896	72140667	31	4	272	30	6	5	230	54	16	12	15	4	360	126	13	2	360	93	20	15
chr9	114588133	114588852	2	8	112	197	3	0	84	198	6	12	4	2	113	270	4	0	103	296	12	10
chr9	35070351	35071430	16	0	46	295	15	0	62	176	6	22	2	10	71	326	8	0	61	346	22	20
chr9	135907764	135908625	21	4	197	624	24	3	126	298	28	32	15	3	195	597	26	2	158	776	74	56
chr9	35079749	35080629	17	4	84	225	18	0	72	156	24	37	20	0	124	326	22	2	147	290	48	48
chr9	35488396	35488713	1	0	27	17	1	0	10	19	12	13	7	2	20	20	0	2	26	74	8	17
chr9	18649504	18650034	4	19	2	10	16	17	0	0	25	16	14	78	18	10	10	69	4	14	24	27
chr9	19050788	19051710	23	4	42	259	26	0	79	110	15	14	17	10	94	400	22	11	116	218	45	51
chr9	21269397	21270487	3	24	0	0	15	20	0	0	22	27	23	60	1	2	15	74	2	2	26	38
chr9	137423901	137424626	4	0	107	283	4	0	55	186	10	6	8	0	186	320	8	0	126	194	14	4
chr9	113380454	113382041	6	0	419	77	4	0	313	37	32	27	6	0	435	134	12	2	459	76	24	22
chr9	127565718	127571945	98	18	3955	2933	90	6	2860	2336	150	148	114	6	4466	3409	190	28	4310	3614	262	264
chr9	37966332	37966839	1	0	102	4	10	0	35	6	20	26	4	0	100	0	14	0	144	17	13	24
chr9	791783	792665	16	29	0	0	4	9	2	0	19	22	21	56	0	0	15	62	0	0	45	39
chr9	133147642	133148311	35	0	261	239	26	2	164	140	8	16	59	0	345	341	48	0	220	252	36	38
chr9	70260030	70260589	9	0	48	253	14	0	17	246	6	18	9	4	42	306	14	2	39	416	6	24
chr9	133459817	133461155	16	2	531	942	30	2	455	828	42	42	24	2	667	979	51	2	809	1140	62	52
chr9	112095387	112095992	4	4	63	32	24	0	48	0	8	10	4	0	101	45	8	6	71	66	20	19
chr9	122945484	122946181	0	0	66	8	3	0	39	8	0	2	8	4	73	8	2	0	89	11	4	0
chr9	128051694	128052340	20	0	112	4	12	0	59	8	20	28	25	0	110	0	14	2	220	10	37	42
chr9	77647876	77649150	14	2	419	532	24	12	161	442	20	20	32	6	381	788	37	6	282	738	37	16
chr9	128113778	128115389	15	2	1384	714	25	4	880	383	30	30	19	0	1720	576	44	0	1534	421	50	40
chr9	130681609	130682158	17	0	92	242	20	0	47	349	4	8	2	2	97	374	16	4	99	463	12	26
chr9	109118790	109119982	6	4	266	797	6	2	235	698	30	28	11	2	342	780	24	0	412	1043	38	71
chr9	113339942	113340353	14	0	114	348	6	0	88	220	10	22	16	0	145	467	32	6	99	367	21	19
chr9	35490635	35491257	6	0	78	176	2	0	53	189	16	8	18	6	70	233	8	2	93	323	8	12
chr9	122263720	122265141	33	2	486	683	20	0	327	693	44	48	26	0	660	887	58	4	604	922	72	74
chr9	127612786	127613994	20	2	124	244	8	2	41	231	13	24	8	0	98	352	9	2	78	413	42	8
chr9	879728	881035	8	30	0	2	3	69	0	1	15	22	21	59	8	0	17	143	6	0	54	26
chr9	35664370	35665300	14	4	297	366	12	0	286	388	16	18	22	0	453	533	33	0	366	531	38	57
chr9	112170615	112172465	4	0	604	80	8	0	457	36	20	28	28	2	617	104	12	4	769	105	35	33
chr9	107486875	107487690	18	0	287	324	0	0	196	426	4	18	10	0	242	487	14	2	260	613	24	14
chr9	15295233	15297353	14	12	300	194	22	9	301	241	46	48	21	4	534	305	45	2	650	312	64	44
chr9	133143895	133144965	176	0	137	122	198	2	62	64	20	14	188	0	213	176	399	0	172	141	46	44
chr9	127608598	127609033	4	0	47	106	10	0	10	78	11	12	9	0	42	126	6	0	29	193	12	10
chr9	122931981	122932634	5	0	73	197	2	0	49	132	10	14	4	0	67	202	6	2	105	263	5	16
chr9	127424843	127425802	7	2	38	153	8	0	36	268	9	8	2	0	93	228	12	10	84	354	26	20
chr9	72314654	72316945	20	2	512	78	32	8	591	36	14	28	16	6	562	138	32	6	1035	164	46	40
chr9	73151295	73151685	0	0	60	30	2	0	45	0	2	6	8	0	66	30	2	0	92	14	3	3
chr9	36320946	36321915	6	0	93	27	10	2	135	0	10	6	6	6	147	17	10	4	234	1	31	14
chr9	15115378	15117710	31	126	6	0	20	121	0	2	76	53	22	292	10	24	44	320	2	8	100	127
chr9	36296135	36299107	32	4	758	106	32	0	877	36	54	62	22	6	1100	152	40	2	1292	78	76	78
chr9	19100966	19101695	6	0	14	118	5	0	33	90	6	7	12	2	69	152	8	6	52	159	22	21
chr9	125261152	125262535	40	4	577	1130	28	2	303	1143	49	54	42	0	625	1364	64	0	574	1659	66	93
chr9	34379489	34379952	30	0	58	170	12	0	31	102	20	16	26	2	46	232	25	6	60	279	28	26
chr9	26956371	26956919	2	0	146	288	8	0	140	256	16	8	6	0	194	359	8	6	240	377	20	14
chr9	135469091	135469464	11	4	55	47	4	2	72	24	26	24	6	4	96	111	14	4	115	94	26	26
chr9	112112296	112112672	0	0	101	23	2	0	38	0	8	9	4	0	89	2	6	0	148	16	10	7
chr9	36400995	36401505	8	2	22	39	0	0	23	35	10	16	6	0	10	73	14	0	61	84	20	22
chr9	76615187	76616642	7	108	12	18	19	166	18	47	26	24	32	44	101	165	29	46	138	173	38	61
chr9	35905372	35906093	4	0	229	68	2	0	137	14	4	6	4	6	282	100	8	4	187	68	18	22
chr9	4138145	4139382	12	2	143	0	14	1	78	38	8	18	8	1	241	0	17	10	193	2	28	28
chr9	33778332	33778779	14	0	37	0	5	0	12	0	6	4	6	0	39	4	19	0	65	6	8	9
chr9	137589607	137590467	16	2	258	843	4	0	122	629	20	14	18	2	322	874	20	10	200	990	16	16
chr9	133123689	133124378	19	5	56	0	12	3	22	21	44	47	19	3	62	28	34	4	87	27	60	62
chr9	107751059	107752594	6	2	411	32	8	1	248	44	38	28	22	2	512	94	16	10	461	82	48	68
chr9	128126525	128129103	32	4	871	1043	37	10	612	1006	48	42	28	4	964	1459	60	0	992	1449	38	70
chr9	68354228	68359186	68	352	27	66	68	536	26	67	97	127	89	480	39	439	87	566	30	458	244	236
chr9	125189186	125190816	96	2	422	1019	71	2	345	924	46	42	66	0	483	1291	140	2	595	1478	44	84
chr9	26946200	26946969	10	2	145	462	12	0	118	253	6	8	9	2	205	379	8	7	194	594	14	24
chr9	121739273	121739792	4	0	16	59	10	0	46	84	16	2	2	0	80	137	12	0	93	56	12	6
chr9	3147142	3148093	4	23	2	0	8	14	0	0	21	18	4	68	0	0	16	51	0	0	12	27
chr9	128504706	128505407	4	0	204	482	10	0	118	291	8	20	8	0	331	428	20	0	181	547	44	10
chr9	1699278	1700768	8	30	4	0	10	59	0	0	21	32	13	89	0	0	22	177	6	0	34	35
chr9	7798668	7799373	6	0	26	159	8	4	40	90	18	6	0	0	54	159	8	0	44	269	10	14
chr9	114721352	114721793	6	0	33	31	4	0	50	19	10	12	16	0	79	68	15	0	96	35	20	22
chr9	137113977	137115369	33	2	296	823	6	4	74	731	6	16	53	0	376	1183	24	4	135	967	50	38
chr9	112271408	112271780	4	5	87	10	10	0	31	11	6	4	4	4	77	74	13	2	88	2	10	12
chr9	41100641	41102751	26	101	0	4	28	104	6	0	60	62	64	249	10	8	77	263	2	38	168	181
chr9	26891837	26892401	6	2	200	160	4	4	166	117	8	12	0	2	239	220	8	2	253	238	9	10
chr9	112378675	112379948	20	2	330	664	20	0	342	544	30	26	22	0	545	784	22	8	514	897	59	50
chr9	133485538	133486037	6	2	18	4	9	0	31	6	14	16	9	0	27	37	4	0	67	33	8	10
chr9	26947138	26947600	2	0	359	352	1	0	283	352	10	9	8	0	432	464	6	0	477	381	4	25
chr9	34048303	34048952	4	0	337	304	4	0	237	334	7	8	10	0	282	550	28	0	284	501	18	20
chr9	72149410	72150769	30	0	1025	1130	14	0	852	882	36	40	34	0	1116	1160	39	2	1405	1481	68	54
chr9	128370800	128371334	2	2	233	241	4	0	146	208	10	16	4	4	196	338	15	2	234	402	18	26
chr9	37079575	37079898	7	3	138	129	4	0	84	80	16	26	2	0	131	195	4	0	152	229	18	26
chr9	113150615	113152060	28	2	60	361	19	5	22	327	29	41	37	4	96	582	40	13	103	531	44	75
chr9	137085609	137086396	7	0	202	180	10	0	85	212	16	18	16	0	248	373	0	2	204	234	34	22
chr9	133355510	133356788	34	0	210	559	33	0	130	488	32	21	18	2	244	837	54	0	235	767	43	40
chr9	5880003	5880392	12	0	22	0	10	0	18	2	15	18	13	3	78	4	16	2	42	4	28	22
chr9	134066456	134067803	30	0	1024	1729	32	2	562	1656	50	58	38	12	1146	2489	63	2	932	2095	76	96
chr9	132669030	132669676	0	0	60	82	12	0	59	63	12	12	8	2	80	154	4	0	31	171	6	10
chr9	4296303	4298587	73	6	1028	969	94	0	1307	1026	62	38	81	8	1423	1446	150	2	2044	1658	106	148
chr9	133133519	133135435	26	6	1060	202	17	0	780	72	48	50	42	2	1258	291	46	2	1261	328	72	86
chr9	72364633	72365281	18	6	436	496	16	0	300	324	30	18	28	0	588	529	30	0	541	697	44	23
chr9	126272228	126275198	24	79	5	0	14	56	2	0	24	29	13	157	2	0	35	218	2	14	57	64
chr9	15332236	15333320	9	6	110	10	2	0	146	30	8	18	9	2	168	15	20	6	317	42	18	28
chr9	109319886	109320436	0	0	89	256	12	4	49	262	2	4	20	2	148	243	10	0	122	467	32	12
chr9	128276533	128277181	7	0	46	141	1	0	40	160	12	4	10	0	65	330	6	6	55	172	6	12
chr9	136483454	136484446	34	2	260	578	24	0	156	243	28	22	32	2	268	716	17	0	291	629	42	46
chr9	34666118	34666716	9	0	30	117	0	0	14	78	8	10	11	0	50	149	7	1	47	168	15	12
chr9	38068770	38069244	16	0	318	429	26	0	269	336	16	18	12	0	361	634	25	0	404	642	36	22
chr9	38060783	38061348	6	0	23	17	19	0	82	32	6	4	0	0	100	36	6	3	130	67	16	24
chr9	76392768	76394527	70	4	867	1541	57	0	600	1038	50	82	92	8	934	2002	82	5	945	2147	94	116
chr9	37590965	37592651	21	2	392	1129	22	0	273	866	34	22	40	0	524	1323	34	2	514	1389	46	54
chr9	33000256	33002381	44	6	310	913	26	0	275	656	40	104	32	2	382	1397	69	4	506	1123	140	144
chr9	134163898	134165327	54	0	623	398	40	2	396	287	52	70	30	4	781	637	56	2	734	686	86	86
chr9	4141000	4141704	16	0	121	14	2	0	57	14	20	15	28	2	157	24	17	6	136	74	27	38
chr9	111484496	111485186	6	2	48	48	2	0	37	80	2	8	4	0	50	166	0	4	43	89	4	6
chr9	33024324	33026800	58	0	1856	2319	29	0	979	1715	104	103	58	10	2406	2829	52	6	1616	2819	176	189
chr9	109307707	109308127	14	0	99	47	0	0	44	0	10	6	5	0	154	30	8	2	125	38	12	8
chr9	137608015	137608409	0	0	2	2	0	0	5	1	14	2	0	2	104	49	4	0	82	29	7	2
chr9	114610696	114612226	16	2	142	479	25	2	124	396	30	19	23	2	193	673	16	0	253	692	40	56
chr9	113221728	113222564	6	2	198	481	10	0	82	197	34	20	2	1	164	546	14	4	247	494	26	38
chr9	75088424	75088786	4	0	113	131	9	0	68	115	32	24	21	0	119	221	12	0	122	285	57	56
chr9	128079235	128081273	24	0	534	74	19	2	559	48	56	42	45	4	753	55	39	2	1098	134	40	48
chr9	35689075	35690917	20	6	225	600	12	2	187	414	32	24	22	0	480	1021	28	0	190	522	50	38
chr9	19208092	19208522	0	0	33	18	0	0	56	6	10	18	1	0	88	36	0	0	88	13	6	8
chr9	71733572	71745366	145	21	3795	897	139	38	3760	569	236	277	225	26	5149	1624	186	56	7307	1559	314	475
chr9	112334061	112334779	10	0	199	84	16	0	152	106	8	8	6	0	336	126	13	0	341	146	12	10
chr9	135014479	135015892	13	60	0	0	6	50	0	0	33	29	14	126	2	0	24	123	0	0	91	79
chr9	72361137	72361868	12	0	114	98	0	0	57	148	4	14	8	2	157	161	12	4	184	230	16	16
chr9	127555636	127556124	4	0	50	17	13	0	44	2	4	13	4	2	75	21	10	0	96	47	12	22
chr9	6681306	6683136	30	2	359	587	24	0	414	482	65	101	29	10	633	874	69	2	764	874	118	106
chr9	109567250	109569164	22	67	2	0	21	86	0	0	48	53	49	179	2	0	46	214	7	0	80	97
chr9	137078181	137078613	6	8	24	128	3	2	5	49	14	10	11	13	72	169	15	14	24	136	12	9
chr9	127450283	127451420	40	0	982	2017	38	2	714	1397	36	34	17	0	1402	2465	57	14	1179	2258	82	73
chr9	122944792	122945163	0	2	37	10	7	1	23	0	8	6	3	0	42	46	17	0	38	7	8	24
chr9	69121378	69122256	14	0	894	697	10	0	647	540	14	18	15	0	1083	644	22	2	1120	1083	6	24
chr9	66144051	66144549	0	0	0	0	0	0	0	0	4	0	25	121	5	10	31	85	3	0	37	48
chr9	134329439	134330375	12	4	125	131	11	4	132	106	31	49	26	10	235	209	14	6	310	301	44	42
chr9	25676825	25679124	50	3	1190	1656	57	6	940	1332	120	125	71	11	1536	2466	72	12	1665	2696	217	233
chr9	132770477	132770885	1	1	74	64	2	4	40	35	10	4	4	2	97	103	8	4	83	95	20	6
chr9	110254324	110256657	28	8	865	1345	20	0	569	904	40	58	24	2	1180	1812	54	2	1074	1547	81	93
chr9	112332445	112333029	0	0	176	225	2	0	103	239	6	4	6	0	195	429	5	0	165	327	8	8
chr9	214645	215770	22	6	155	220	52	6	132	318	22	22	56	6	274	410	95	1	335	614	44	52
chr9	130433305	130433896	22	8	85	285	10	6	40	46	12	24	58	10	46	361	41	10	56	381	44	26
chr9	114155837	114156741	19	8	103	438	34	7	126	415	14	22	12	8	116	459	31	4	157	1231	28	30
chr9	104093350	104095100	12	5	874	1194	52	8	794	966	140	124	40	12	1186	1974	66	18	1334	2124	232	294
chr9	37037075	37037618	2	8	26	46	10	10	32	64	10	11	0	16	22	208	6	4	40	99	14	10
chr9	4678342	4679496	18	0	304	172	9	0	395	368	8	15	17	4	522	385	34	4	814	438	17	38
chr9	107754458	107755045	0	0	48	3	14	0	52	0	6	10	0	0	149	2	2	2	53	0	10	8
chr9	130694654	130695077	7	2	41	108	11	0	17	22	4	4	12	2	59	89	13	2	27	147	8	8
chr9	111891378	111892459	22	6	287	42	14	0	258	70	36	45	19	0	502	160	27	10	534	113	56	68
chr9	34636242	34637130	11	6	63	274	20	2	31	109	20	16	9	8	83	420	17	5	103	322	20	30
chr9	114290932	114291244	28	0	3	0	43	0	7	0	8	18	41	2	27	20	98	2	3	2	28	12
chr9	34647556	34648296	15	4	75	158	14	4	40	104	20	24	22	0	93	319	18	6	97	265	46	36
chr9	34458844	34459276	1	2	17	114	12	0	10	48	14	13	4	8	26	188	4	12	38	128	16	10
chr9	126914917	126916583	22	2	342	694	48	2	282	761	38	32	32	4	497	1126	51	4	445	1406	36	38
chr9	6715466	6716063	0	0	57	146	4	0	66	76	4	0	6	6	84	105	10	0	121	282	6	10
chr9	38392113	38393498	30	8	232	952	46	10	153	814	58	40	20	12	400	1425	64	2	423	1605	108	150
chr9	75770554	75771515	4	36	0	0	13	38	0	2	16	26	23	123	4	5	18	105	6	0	26	38
chr9	4792141	4792553	6	0	14	96	6	2	26	80	12	8	4	9	19	150	10	2	45	220	9	30
chr9	129496164	129497597	16	0	774	478	22	2	466	316	22	20	22	0	1019	740	24	2	949	572	32	28
chr9	3021646	3023496	3	66	0	0	6	42	0	0	12	15	13	88	0	6	20	163	0	0	38	34
chr9	15305599	15306149	10	0	107	121	10	0	75	48	4	8	6	0	106	142	4	3	196	224	14	13
chr9	19048714	19049494	60	0	235	199	100	0	257	259	34	33	75	2	420	442	183	1	530	551	49	74
chr9	75891947	75892639	8	2	85	379	8	2	92	177	6	6	3	0	167	441	8	0	147	427	12	12
chr9	134068182	134069317	13	8	344	864	20	4	212	604	30	36	37	14	400	1333	38	18	424	1364	62	44
chr9	113382274	113383492	6	0	269	32	2	4	175	28	14	14	12	4	366	84	8	6	406	68	16	8
chr9	127987812	127988326	9	2	58	0	0	0	48	12	14	26	9	6	91	25	9	0	136	30	20	28
chr9	6716334	6717976	12	0	303	346	4	2	217	352	24	38	18	4	569	545	16	6	461	619	37	73
chr9	112324580	112325012	2	0	41	8	4	0	52	11	4	4	0	0	78	14	8	0	110	31	8	6
chr9	109316572	109316985	4	4	53	22	0	0	39	4	2	6	7	0	97	37	2	0	93	2	6	6
chr9	133479611	133479958	6	0	14	40	7	2	40	37	6	10	3	4	69	54	8	0	108	87	6	12
chr9	137254215	137255063	5	4	245	268	10	0	106	214	8	16	6	2	226	531	12	12	148	524	8	16
chr9	4109412	4110518	6	0	101	10	15	0	80	6	12	20	16	0	128	22	16	8	234	66	20	34
chr9	6756853	6758879	15	0	466	760	12	0	380	535	64	72	28	3	633	1072	40	0	628	1340	86	114
chr9	4289802	4290320	0	0	29	16	10	2	67	14	4	6	2	4	96	44	0	0	94	40	2	5
chr9	112145228	112146424	16	4	94	0	16	6	88	8	14	16	43	1	150	38	8	4	231	30	35	32
chr9	4985247	4986087	12	0	262	337	22	0	266	513	20	20	18	0	436	745	30	0	484	805	40	66
chr9	33130639	33131183	2	0	12	0	6	0	17	10	2	6	5	2	296	15	15	1	260	52	22	28
chr9	136119043	136119696	2	0	159	402	8	0	102	276	8	6	8	0	198	504	12	0	185	629	14	6
chr9	4984225	4984881	10	0	218	218	2	0	215	170	24	12	14	8	324	356	9	8	350	484	20	33
chr9	71762190	71767597	38	6	2166	1582	66	2	2034	1077	78	98	72	10	3013	2196	115	32	3983	2714	188	196
chr9	109012100	109014153	33	0	340	1588	30	8	227	1188	30	68	29	0	707	1902	89	5	894	2272	111	144
chr9	137127723	137130553	46	19	554	1250	30	14	380	900	38	42	36	11	903	1876	56	16	822	2181	112	85
chr9	1025301	1026238	4	14	10	0	4	37	2	4	18	38	16	99	4	0	17	115	2	0	43	69
chr9	137577866	137579113	83	0	114	570	64	0	94	233	26	40	110	4	246	661	170	0	202	834	41	69
chr9	117783060	117783539	20	3	44	59	42	6	30	48	17	12	26	3	39	218	72	18	61	180	25	26
chr9	114885026	114885694	2	0	177	20	0	0	143	40	12	10	2	0	229	52	0	0	385	48	10	10
chr9	18442565	18442901	30	5	0	0	34	14	0	0	7	2	83	9	0	0	62	22	0	0	16	12
chr9	114118629	114119659	14	12	68	28	6	0	137	4	6	14	12	2	143	29	10	0	374	10	14	28
chr9	66208755	66211796	0	14	0	0	9	30	0	0	31	15	120	450	17	11	137	795	31	31	257	295
chr9	104169	113752	54	161	14	4	47	158	4	0	254	247	315	1965	80	187	443	2177	74	96	987	1089
chr9	33734452	33734797	2	2	28	18	0	2	19	0	8	14	6	5	62	4	11	2	68	18	6	6
chr9	68309661	68313304	16	65	0	2	16	59	2	0	14	30	147	640	39	38	134	825	4	14	289	310
chr9	2017785	2018521	2	0	78	122	2	0	68	156	2	6	0	2	105	260	20	0	110	273	12	12
chr9	4105088	4105682	2	0	96	22	0	0	90	0	0	2	6	0	193	4	4	2	172	2	8	16
chr9	79570251	79570792	8	32	8	50	4	8	0	97	8	14	5	23	14	161	19	12	10	201	12	9
chr9	4146626	4149077	14	4	1072	148	22	0	1041	98	28	30	22	2	1840	256	46	12	1959	260	88	72
chr9	19407898	19408546	4	2	91	187	2	1	176	44	4	4	8	0	193	180	20	0	353	203	8	22
chr9	4662256	4662741	16	0	129	232	14	2	144	187	12	22	20	0	271	329	41	0	296	510	22	28
chr9	121976375	121976687	0	0	0	0	0	0	0	0	0	0	4	4	35	21	2	0	34	4	1	1
chr9	111660983	111662405	34	0	164	1049	20	2	168	735	18	44	18	22	318	1532	20	2	393	1658	42	76
chr9	38620990	38621755	12	0	93	291	22	0	115	164	76	58	10	2	196	456	18	2	264	515	16	26
chr9	4664443	4665161	0	0	110	115	0	0	40	77	4	4	8	0	84	235	8	2	107	216	14	6
chr9	128077246	128078785	6	0	536	134	16	2	395	146	21	30	34	0	800	275	26	2	1161	148	42	55
chr9	134356158	134356928	4	2	84	10	6	2	179	56	10	0	27	2	153	42	8	6	425	100	16	22
chr9	19229612	19232756	38	10	983	1021	34	0	927	1019	48	42	40	6	1885	1803	92	6	1898	2183	122	133
chr9	37466193	37466995	6	0	315	322	4	2	165	347	22	8	10	0	407	720	28	2	362	655	18	39
chr9	4137463	4137925	0	0	76	12	0	0	50	0	3	4	6	0	142	22	0	0	94	29	7	6
chr9	134136097	134136930	6	2	254	468	14	0	98	329	16	2	8	0	205	774	22	0	183	892	4	12
chr9	4108420	4109131	7	6	77	14	8	0	71	8	9	6	14	6	170	22	16	0	178	50	13	14
chr9	69506149	69506538	0	0	51	51	0	2	20	0	4	2	4	0	98	48	4	8	89	34	10	18
chr9	36315681	36316363	4	0	79	0	0	0	63	10	14	6	15	0	131	38	9	0	148	32	4	10
chr9	4792926	4794057	1	6	82	547	4	2	159	433	14	14	10	0	160	1056	36	4	288	878	24	38
chr9	16624907	16627309	4	41	0	0	16	40	8	0	4	12	13	105	0	10	19	184	2	0	26	43
chr9	4490857	4491672	6	2	95	362	10	0	107	188	16	6	0	4	255	512	2	2	188	572	16	8
chr9	41316708	41321312	52	141	2	12	35	201	2	1	37	72	182	793	48	34	186	1159	34	48	374	442
chr9	20551505	20552657	1	0	24	22	14	0	91	52	12	21	9	6	69	82	18	2	230	127	26	33
chr9	137513877	137514822	19	6	58	63	26	1	54	60	29	32	52	11	133	293	44	7	147	156	89	78
chr9	137604728	137605384	10	0	63	67	12	0	26	67	12	4	14	0	62	227	10	2	82	175	14	30
chr9	134375458	134381374	107	16	1567	249	101	24	2580	444	248	218	152	4	4159	1032	172	26	5594	996	426	356
chr9	134358169	134358778	16	0	34	0	6	0	65	2	8	10	6	0	91	2	8	0	176	26	16	12
chr9	136799214	136799871	2	4	58	153	0	0	128	130	12	18	14	4	124	344	12	3	176	379	18	18
chr9	132548841	132549413	6	0	22	6	4	0	88	15	9	12	6	0	91	0	2	0	232	30	6	4
chr9	18738254	18739940	8	25	6	0	8	23	2	0	17	21	42	76	7	0	9	131	0	0	31	47
chr9	4739407	4741967	36	8	796	1047	20	0	843	1118	49	31	58	0	1811	1978	72	4	1556	2664	108	136
chr9	4489684	4490428	6	0	120	253	12	2	144	277	30	24	9	8	346	562	32	6	391	596	50	52
chr9	1888663	1890387	12	50	0	0	2	31	2	0	25	9	19	100	0	0	22	161	6	0	51	68
chr9	18943867	18944551	2	23	0	0	6	12	0	0	14	4	5	53	0	0	14	69	20	2	25	18
chr9	134134213	134135627	13	0	149	271	18	0	109	174	28	22	31	4	282	577	20	10	219	648	44	48
chr9	72362275	72363930	12	0	280	319	12	0	187	252	7	10	7	6	504	640	22	2	447	763	18	40
chr9	108933107	108935306	12	0	332	641	50	0	146	643	28	52	44	12	580	1383	45	6	467	1743	128	102
chr9	136108922	136110196	10	4	224	149	6	0	69	204	28	28	30	0	484	448	25	2	231	421	54	38
chr9	1501976	1502479	5	8	0	0	0	13	0	0	19	16	8	57	5	0	9	87	1	0	16	21
chr9	109100677	109101373	5	2	29	10	2	2	70	26	4	8	6	0	115	26	6	2	206	24	2	2
chr9	139250	140831	18	3	156	104	20	7	138	86	40	64	87	18	952	1117	101	20	923	1206	105	144
chr9	4680419	4680821	0	0	14	112	4	0	19	40	4	4	1	0	41	158	4	0	74	179	10	12
chr9	4665821	4666409	5	0	132	64	2	3	81	70	2	12	3	0	211	186	18	0	277	208	7	16
chr9	6680428	6680903	4	0	14	60	0	0	64	38	1	2	6	0	137	104	8	0	104	124	8	10
chr9	126712832	126717080	31	101	8	0	2	97	0	0	36	31	54	280	0	10	54	357	24	6	95	92
chr9	70256208	70256729	13	5	9	22	2	2	16	42	16	8	8	0	48	38	8	6	58	184	22	31
chr9	122414393	122414738	4	2	17	76	5	0	3	8	27	19	5	8	39	145	10	2	45	103	10	4
chr9	112146631	112147050	8	0	30	0	6	0	17	0	18	10	4	2	105	17	14	6	65	11	2	8
chr9	33129332	33129950	6	2	26	2	4	0	22	0	6	8	4	0	271	26	2	2	243	51	10	11
chr9	128097406	128099283	30	2	383	140	26	2	253	100	48	54	46	8	854	508	53	2	800	531	104	113
chr9	6006976	6007587	6	0	10	126	2	0	35	166	12	32	12	2	12	341	8	2	152	560	26	36
chr9	66236695	66242255	26	114	6	12	41	207	0	14	103	92	163	609	62	32	148	856	31	28	365	462
chr9	133621493	133623009	6	11	0	0	0	4	0	0	8	4	21	92	3	0	6	121	8	0	20	28
chr9	127716074	127716459	4	0	22	37	2	0	18	36	4	15	7	0	52	100	10	0	51	171	18	22
chr9	41117443	41121960	26	141	0	10	31	168	6	0	58	82	196	878	36	75	233	1075	27	24	467	462
chr9	7271824	7273992	12	24	2	0	13	42	0	0	20	14	29	148	8	0	36	125	0	38	54	52
chr9	35517157	35517593	0	4	35	0	2	2	7	0	8	4	7	0	65	0	6	8	58	30	16	21
chr9	27862227	27862674	4	4	0	0	5	8	0	0	13	2	6	53	4	0	9	52	0	0	12	19
chr9	42568070	42569357	15	7	43	166	8	18	58	119	51	42	41	17	320	728	39	29	409	739	120	143
chr9	109317711	109318019	0	0	27	15	9	0	4	0	4	14	7	0	70	17	7	0	83	30	19	7
chr9	34179822	34180547	6	0	35	113	2	2	30	79	16	10	10	0	133	382	12	0	113	259	25	32
chr9	15012334	15013119	6	18	2	0	5	23	1	0	15	10	14	80	4	0	27	127	2	8	41	58
chr9	111897809	111899582	4	0	30	110	2	0	49	75	10	6	14	10	380	624	16	2	504	579	22	38
chr9	72213212	72213925	1	1	45	24	0	2	54	0	4	8	2	14	88	20	4	2	243	2	11	2
chr9	137454159	137454451	0	0	0	0	4	0	0	0	0	0	1	0	13	23	6	0	18	33	0	4
chr9	19125345	19125925	4	2	24	34	6	2	6	2	12	21	17	4	31	135	7	0	52	59	27	32
chr9	4299084	4300196	8	0	147	236	6	2	161	230	4	12	41	0	470	782	47	4	496	1227	30	28
chr9	111964315	111967424	12	5	171	40	23	4	180	13	52	57	56	24	887	116	50	19	828	50	78	73
chr9	4304809	4305167	2	0	24	4	8	0	22	14	6	4	7	0	83	66	15	0	75	57	20	32
chr9	41269018	41272787	45	120	19	18	22	157	4	25	47	57	155	969	66	71	210	928	45	79	333	322
chr9	5814219	5814907	16	0	26	8	4	0	9	0	4	12	2	0	157	8	6	0	89	22	10	16
chr9	4110805	4111637	0	0	46	36	6	0	33	4	14	6	14	0	101	112	17	0	172	146	10	35
chr9	134382655	134384284	2	2	66	14	8	0	72	8	20	18	10	4	379	150	14	4	448	83	46	44
chr9	4488516	4489299	6	2	26	40	2	4	14	40	20	20	17	12	42	259	12	4	114	336	20	23
chr9	127577240	127577797	2	0	18	25	0	0	12	1	4	12	8	2	82	39	6	0	101	8	20	26
chr9	66230986	66233608	1	23	2	0	8	22	0	2	12	8	85	267	18	14	50	398	14	2	186	159
chr9	69476970	69477634	6	6	91	74	13	0	58	28	6	6	18	8	332	220	18	2	247	352	8	22
chr9	19127722	19129087	4	0	69	167	4	0	38	126	10	6	34	4	451	605	26	6	514	770	37	32
chr9	705873	707709	10	2	74	136	12	6	66	144	16	20	16	6	268	559	16	6	377	456	44	64
chr9	25602553	25603256	4	4	34	2	0	0	33	8	2	0	6	0	153	22	10	0	176	36	20	37
chr9	66264883	66273071	173	39	2069	3169	150	37	1740	2885	324	325	905	153	9925	17597	871	187	8716	15278	1533	1562
chr9	137078920	137079475	10	11	2	51	7	0	2	4	22	16	21	2	28	191	27	17	24	140	21	22
chr9	19283747	19284321	0	0	46	0	2	0	29	0	8	4	8	2	167	49	16	2	140	22	14	19
chr9	613707	614076	27	5	6	0	89	0	6	0	5	26	70	5	6	18	113	4	3	54	26	47
chr9	1009068	1009499	69	0	0	4	122	2	0	0	8	12	163	8	0	0	374	5	0	16	28	14
chr9	1050394	1050689	4	2	0	0	2	0	8	2	11	4	5	6	6	86	14	8	18	119	10	7
chr9	2620973	2623369	26	48	86	537	26	32	78	500	44	41	26	91	104	794	50	70	113	1106	51	71
chr9	4106756	4107861	0	0	273	0	0	0	227	8	16	10	8	0	123	12	4	0	149	26	8	2
chr9	4114436	4115052	7	2	60	2	4	2	47	1	6	4	15	0	73	4	18	4	76	6	22	29
chr9	4136662	4137204	9	0	67	0	3	2	45	4	12	12	6	12	145	14	3	10	87	10	26	33
chr9	4211808	4212131	3	0	32	4	6	0	21	0	2	2	2	0	61	3	0	2	55	1	4	16
chr9	4227043	4228695	4	0	228	6	16	0	202	2	20	10	15	1	325	24	17	2	232	20	14	34
chr9	4229849	4230309	0	2	26	2	4	0	89	8	0	2	12	2	50	0	4	0	52	23	4	4
chr9	4236695	4237721	0	0	104	2	10	0	116	2	10	4	4	2	169	0	14	4	287	12	8	2
chr9	4430812	4431267	5	2	122	0	4	0	72	0	12	13	6	0	75	6	6	4	16	14	16	14
chr9	4509333	4510165	4	0	63	0	6	0	127	2	11	14	2	0	90	22	24	0	263	0	26	14
chr9	4511128	4512278	1	4	112	2	9	4	163	2	15	16	10	6	164	35	28	8	282	12	16	30
chr9	5600036	5600548	6	0	12	63	4	0	10	88	6	6	2	0	38	151	16	0	10	207	18	11
chr9	5815614	5816496	2	0	79	1	0	2	40	0	8	10	20	0	195	5	9	4	154	22	18	22
chr9	5844092	5844497	2	0	37	4	0	0	13	0	10	8	8	0	82	11	12	0	44	0	6	7
chr9	6132826	6134105	8	0	109	6	4	4	151	10	14	10	6	6	170	52	23	8	293	16	22	18
chr9	6140771	6142995	16	12	304	16	18	12	311	12	29	38	10	10	336	62	24	18	536	9	33	29
chr9	6143668	6144262	0	2	60	0	2	1	67	6	4	0	4	0	68	4	8	2	119	9	12	12
chr9	6150844	6151308	0	0	4	0	2	8	50	6	2	6	2	8	18	0	4	11	55	2	14	7
chr9	6780302	6780768	1	0	26	0	0	0	35	4	2	4	5	2	49	0	7	1	92	4	0	13
chr9	15351268	15351987	2	0	50	0	2	0	92	1	15	1	8	2	58	0	6	8	211	0	12	12
chr9	15352638	15354288	12	2	28	2	11	2	156	6	24	27	8	4	42	2	20	1	377	20	37	43
chr9	15378480	15379182	0	4	93	3	2	0	26	3	9	9	5	10	2	0	2	0	1	0	12	10
chr9	16337535	16338004	2	2	40	8	6	2	80	2	12	11	2	2	63	12	10	3	65	0	28	20
chr9	17063557	17063850	27	5	1	0	44	1	0	0	8	2	73	6	0	0	86	12	0	0	7	6
chr9	17810993	17811323	23	0	0	0	68	3	0	0	1	8	77	4	0	0	133	12	0	0	8	12
chr9	19161881	19163058	20	2	363	6	10	2	274	24	30	32	9	4	418	36	14	12	413	10	42	24
chr9	19285400	19285879	6	4	53	8	4	5	35	0	6	2	0	2	89	22	0	2	88	0	10	4
chr9	19402953	19403497	4	0	74	4	3	0	114	0	2	4	2	5	79	14	0	4	209	5	6	4
chr9	20623025	20623600	4	31	12	122	14	10	14	334	14	18	16	30	32	365	20	12	50	514	22	28
chr9	20941124	20941403	33	0	0	0	102	3	8	0	13	8	60	0	0	0	191	4	0	10	12	15
chr9	33230153	33230993	2	0	114	8	2	0	99	2	12	14	10	0	136	32	4	2	125	0	12	12
chr9	33763193	33763797	2	0	6	0	2	0	33	0	4	13	4	0	87	6	20	2	293	37	8	10
chr9	34628651	34629042	0	0	0	0	0	0	0	0	0	0	10	21	24	205	16	13	10	211	26	25
chr9	35423842	35424260	1	0	10	0	0	2	69	0	8	4	0	6	45	0	2	0	112	0	10	0
chr9	37080480	37081327	12	2	2	176	3	0	8	100	14	18	10	0	42	73	5	4	31	75	7	14
chr9	38609549	38610641	28	11	169	19	45	23	557	14	150	174	0	0	0	0	0	0	0	0	0	0
chr9	39031086	39031789	42	28	868	108	62	53	1432	86	54	77	0	2	6	0	0	2	12	2	0	6
chr9	41074052	41075529	44	92	147	653	53	94	90	775	113	128	114	185	303	1616	109	189	267	2065	343	341
chr9	41332477	41332925	1	2	0	0	0	2	0	0	0	5	102	26	13	9	186	59	9	13	103	117
chr9	42430064	42431341	14	16	218	14	27	0	344	20	50	102	9	1	28	2	6	0	50	18	63	40
chr9	69519128	69519842	8	5	64	0	2	8	148	10	16	27	12	4	72	6	27	12	266	8	22	22
chr9	69671626	69673090	32	72	22	626	30	51	28	335	26	39	56	76	42	658	78	92	38	695	33	83
chr9	69788964	69790199	1	45	2	0	3	68	0	0	9	10	4	17	0	0	3	45	0	0	10	10
chr9	71285208	71285541	58	0	0	1	87	3	1	8	12	9	88	3	0	0	184	12	0	0	8	12
chr9	71396001	71396541	0	19	0	0	0	53	4	0	2	8	6	34	0	2	9	74	2	0	6	12
chr9	72208563	72208887	0	0	30	0	2	0	46	1	0	4	4	0	15	8	2	0	53	0	6	6
chr9	72214291	72214973	4	0	123	2	3	4	187	2	18	10	0	0	58	0	8	2	285	4	8	16
chr9	72215545	72217123	12	0	127	10	16	0	221	2	20	21	12	0	84	24	22	6	291	42	18	10
chr9	72461315	72461883	4	0	176	4	2	2	118	2	2	2	2	0	137	2	4	2	119	8	2	6
chr9	72574125	72574565	8	0	63	0	8	4	79	0	6	9	6	0	80	14	3	0	100	14	2	13
chr9	72828649	72829161	0	0	0	0	0	0	0	0	0	0	2	0	126	4	12	0	285	22	2	10
chr9	73148653	73149493	10	5	123	16	10	6	103	4	7	6	6	2	184	16	10	0	214	2	9	10
chr9	74887039	74887718	13	32	16	393	16	20	14	206	6	18	16	39	20	419	8	30	34	443	38	24
chr9	79255139	79255986	1	79	2	0	6	36	0	0	4	6	8	85	0	0	19	105	0	6	18	14
chr9	107794880	107795244	8	3	69	3	2	8	17	0	4	7	4	2	81	7	12	0	50	0	12	9
chr9	108038210	108038705	4	4	67	0	0	0	48	1	4	12	4	0	81	7	6	0	91	10	12	3
chr9	108093010	108093618	0	0	101	0	4	0	41	0	4	8	0	0	59	2	0	0	80	0	6	8
chr9	109102466	109103279	7	8	82	0	12	0	92	6	6	6	11	6	162	18	28	0	400	34	26	14
chr9	110195257	110195626	8	2	7	1	6	0	73	0	11	9	10	0	42	16	2	4	52	6	2	6
chr9	112163746	112164295	8	0	45	1	2	0	43	2	8	8	8	0	85	5	6	0	114	8	4	6
chr9	114504419	114505963	40	75	124	1046	50	79	56	783	52	42	39	83	156	1325	52	72	150	1607	71	92
chr9	114693205	114694176	16	10	246	16	8	2	60	0	18	16	21	2	302	2	16	12	115	16	24	48
chr9	115118196	115118602	2	11	5	29	6	6	14	129	10	8	2	15	8	135	10	16	11	98	14	15
chr9	115372039	115372882	6	0	84	7	7	0	42	0	6	2	2	4	128	0	4	2	145	8	5	16
chr9	116494984	116495451	58	4	0	0	55	4	0	0	6	8	70	0	0	0	94	0	1	2	8	10
chr9	116572214	116572592	109	3	18	0	179	0	4	1	23	17	125	0	8	6	228	4	2	0	17	33
chr9	122092175	122093311	24	6	54	920	24	15	56	628	32	22	24	6	120	1299	16	6	125	1055	37	50
chr9	122464876	122465185	6	7	11	42	9	3	7	60	6	10	10	2	17	88	26	4	26	175	8	13
chr9	124126706	124127370	178	16	0	2	220	17	1	0	16	34	187	30	0	18	363	27	9	9	56	72
chr9	126327494	126327909	10	2	13	86	16	1	3	0	7	4	0	6	20	124	9	14	7	94	16	20
chr9	126558134	126558454	130	6	0	0	99	4	0	0	10	6	79	6	0	0	233	2	0	0	15	12
chr9	126914233	126914591	0	0	3	30	0	4	2	6	0	0	8	0	2	111	3	3	17	84	4	4
chr9	126988025	126988790	10	0	128	0	2	2	54	0	9	14	10	4	79	10	6	0	135	18	14	26
chr9	127073487	127074674	14	0	148	10	0	0	219	13	14	14	4	2	224	24	11	0	332	4	26	20
chr9	127074973	127075761	2	0	257	24	2	0	240	18	10	4	8	0	320	38	8	0	406	24	16	10
chr9	128076136	128076843	6	10	62	3	7	2	34	4	10	10	10	6	105	25	16	1	155	32	8	9
chr9	128249813	128250468	2	2	12	99	2	4	10	46	4	10	10	5	6	220	4	6	11	163	30	14
chr9	128456780	128457658	10	0	30	248	7	0	19	47	17	12	11	2	64	266	26	1	34	297	10	35
chr9	129559204	129559605	5	6	77	0	4	1	21	0	4	6	2	0	75	0	6	2	61	0	18	18
chr9	129575663	129575933	4	0	49	8	2	0	63	4	6	6	0	0	17	6	6	0	24	0	12	18
chr9	129599330	129599704	1	0	42	0	0	0	23	0	10	2	4	0	40	0	8	1	25	4	10	13
chr9	130043245	130043867	12	0	31	186	8	0	14	208	14	10	6	10	10	332	6	8	4	124	20	16
chr9	130411562	130412327	4	0	288	7	2	4	70	5	25	20	21	2	226	65	11	6	99	4	16	18
chr9	130415539	130416397	4	0	99	1	6	0	74	0	17	23	5	14	99	0	12	3	91	2	21	16
chr9	130680875	130681177	4	7	10	61	4	8	6	45	10	16	7	4	8	60	0	8	6	46	17	11
chr9	131278124	131278629	4	4	8	56	6	3	2	13	14	6	14	4	12	181	2	13	19	99	24	38
chr9	132241379	132242619	6	8	27	476	8	9	33	343	12	22	15	20	58	1026	46	20	84	995	52	36
chr9	132549662	132550199	6	6	17	2	8	0	85	0	12	8	2	0	37	0	0	0	137	11	9	18
chr9	132575005	132575465	97	0	0	0	237	0	0	0	18	20	152	1	3	7	359	2	6	0	12	24
chr9	133022378	133022797	149	4	1	0	136	0	8	12	16	13	141	4	0	2	260	2	2	9	20	14
chr9	133137035	133137555	6	0	51	2	5	2	60	0	14	12	8	0	100	9	10	0	83	20	8	16
chr9	133738132	133738504	8	6	2	136	4	6	10	65	0	4	18	17	4	96	6	14	0	120	14	10
chr9	135412509	135412810	40	4	0	1	37	6	0	0	1	9	61	4	4	15	98	5	12	12	15	8
chr9	135797546	135797888	71	10	0	0	32	2	4	0	10	10	46	2	0	6	79	6	2	0	20	20
chr9	135960108	135960512	3	0	16	57	10	0	16	92	4	6	6	2	25	239	4	1	23	82	18	6
chr9	136488515	136488970	185	0	4	4	256	6	6	0	18	22	223	2	2	2	352	0	3	0	32	26
