chr9	129885284	129886636	101	4	565	219	218	4	627	206	46	32	0	0	5	2	0	0	0	0	0	0
chr9	36470720	36471070	34	11	122	115	9	5	155	85	103	83	0	0	1	0	0	0	0	0	0	0
chr9	41353813	41361860	0	0	0	4	0	0	0	2	4	6	786	306	2811	10791	1206	245	2674	9738	2432	1905
chr9	33165819	33166793	20	2	448	380	14	2	407	326	39	30	0	0	0	2	0	0	3	0	0	0
chr9	128131486	128132124	19	75	44	11	3	58	52	10	156	82	1	8	3	0	0	2	1	3	2	1
chr9	114681736	114682391	145	12	44	13	350	2	40	16	35	22	3	0	0	0	2	0	0	0	0	0
chr9	33510574	33511459	14	15	47	154	10	21	26	145	15	20	0	0	0	0	0	0	0	0	0	0
chr9	38423656	38425217	16	132	0	107	5	101	8	104	25	18	0	0	0	0	1	1	0	0	0	0
chr9	4987886	4988895	106	3	22	58	248	0	36	38	24	16	1	0	0	0	2	0	0	0	0	0
chr9	133078642	133081065	99	559	30	35	92	573	32	27	514	389	16	37	2	1	2	30	12	0	24	12
chr9	33750553	33751345	10	2	271	255	0	4	162	271	10	8	0	0	0	0	0	0	0	0	0	0
chr9	17290275	17291551	12	9	456	455	18	24	310	366	51	59	7	11	6	4	0	21	4	10	11	22
chr9	14465339	14472306	0	0	0	0	0	1	0	0	0	0	433	1036	42	84	974	775	50	70	1018	675
chr9	133238826	133239263	24	0	83	84	18	0	93	34	16	17	0	0	0	0	0	0	0	0	0	0
chr9	139353	140731	105	37	667	797	107	0	634	690	165	157	14	0	28	31	4	0	29	20	29	17
chr9	128340193	128340624	6	0	61	63	16	0	68	22	34	22	0	0	0	0	0	0	0	2	0	0
chr9	33523710	33525567	23	173	0	72	16	154	6	56	146	121	8	12	0	3	4	4	0	2	2	0
chr9	41073043	41076936	1	3	0	2	0	3	0	2	0	0	158	761	56	627	90	498	89	601	571	401
chr9	127714772	127715736	4	2	50	320	0	0	28	248	30	12	0	0	2	0	0	0	0	0	0	0
chr9	128068574	128069451	0	0	60	239	0	0	84	192	22	18	0	0	0	2	0	0	0	2	0	0
chr9	34049445	34050084	12	2	71	155	4	0	74	106	6	4	0	0	2	0	0	0	0	0	0	0
chr9	35910521	35910977	6	2	101	12	16	0	125	18	8	15	0	0	0	0	0	0	0	0	0	0
chr9	114803830	114804543	4	0	185	98	2	0	181	79	18	2	0	0	0	2	0	0	0	0	0	0
chr9	131372686	131373264	7	0	100	98	0	2	117	75	8	20	0	0	0	4	0	0	0	0	2	0
chr9	32552605	32553373	10	0	34	122	0	0	16	123	11	11	0	0	0	0	0	0	0	0	0	2
chr9	138147474	138148225	59	30	17	24	112	15	0	13	62	36	9	4	0	1	6	6	0	0	7	18
chr9	35811822	35812184	7	0	10	92	3	0	8	63	41	35	0	0	0	0	0	0	0	0	0	0
chr9	138142905	138145781	39	326	37	23	19	393	40	9	296	229	4	32	0	4	8	50	6	4	24	6
chr9	109101664	109102113	0	0	144	40	0	0	106	20	14	10	0	0	1	0	0	0	0	0	0	0
chr9	69414961	69416325	13	108	2	16	30	99	2	9	41	29	0	6	0	0	0	8	2	0	6	8
chr9	15379586	15379984	7	0	96	27	8	2	45	22	15	19	3	3	6	2	0	1	0	0	5	2
chr9	37463923	37464280	4	0	22	78	0	0	22	82	5	10	0	0	0	0	0	0	0	0	0	0
chr9	107492179	107492681	6	3	94	13	4	0	66	15	8	4	0	0	0	0	0	0	1	0	0	0
chr9	36272285	36272652	6	0	71	25	2	0	57	37	16	9	0	0	2	2	0	0	2	0	0	2
chr9	112803738	112804524	2	0	198	64	0	0	127	46	9	17	0	0	8	10	0	0	14	6	0	0
chr9	28214791	28216482	24	155	0	0	3	81	0	2	22	16	0	0	0	1	0	0	0	0	0	0
chr9	31937420	31938436	40	10	186	228	37	13	136	204	96	49	10	32	0	0	22	16	2	0	23	25
chr9	34936021	34937011	32	103	1	0	19	78	4	0	66	44	2	12	2	0	0	12	0	0	18	6
chr9	4144579	4145579	14	20	96	92	10	9	97	54	47	49	2	23	6	4	12	23	12	0	22	39
chr9	129610217	129611325	70	2	308	342	173	0	375	389	28	18	0	2	20	19	0	0	20	17	0	0
chr9	28348112	28348659	8	23	17	100	1	13	10	135	45	40	1	17	2	9	2	11	8	8	19	13
chr9	111895916	111897350	0	0	2	4	0	0	0	0	0	0	26	2	1002	519	48	4	816	303	96	118
chr9	121415830	121420207	38	477	6	12	48	387	2	4	76	60	5	26	2	0	10	27	8	0	8	6
chr9	38458633	38459830	2	35	0	0	0	73	0	2	23	19	0	0	0	0	0	0	0	0	4	0
chr9	41322287	41328907	0	0	0	0	0	0	0	0	0	0	166	866	13	38	174	835	46	12	722	511
chr9	101674079	101675142	12	0	194	31	6	0	237	20	15	16	0	18	10	0	0	8	4	8	11	14
chr9	20657800	20659038	27	36	134	348	28	11	84	332	111	106	5	4	8	30	0	6	18	39	18	9
chr9	41316302	41321213	0	3	0	0	0	4	0	0	4	0	141	965	38	22	132	831	27	25	435	324
chr9	14991860	14992662	6	15	34	101	0	3	12	92	12	7	2	14	2	1	0	21	4	6	7	11
chr9	5847411	5847887	0	0	35	10	0	0	39	0	3	2	0	0	3	0	0	0	1	0	0	0
chr9	122759895	122761761	6	82	0	6	26	93	2	4	28	39	0	15	0	0	0	22	0	4	24	3
chr9	7547946	7550284	0	0	0	0	0	0	0	0	1	0	46	268	4	28	50	315	20	0	275	194
chr9	135343721	135346889	118	143	6	0	372	107	12	6	50	55	7	42	0	0	37	29	0	0	35	14
chr9	133310585	133314665	49	375	2	24	52	278	5	20	106	92	8	66	0	0	2	59	9	2	16	16
chr9	122472664	122474477	7	66	2	4	8	74	2	0	39	29	8	11	6	4	4	0	1	0	16	14
chr9	34879776	34880782	16	105	0	0	0	90	0	0	14	19	6	19	0	0	2	7	0	0	3	4
chr9	113220679	113221352	0	0	3	2	0	0	0	0	0	0	6	12	128	314	8	0	152	239	23	26
chr9	134587434	134589548	21	142	0	12	26	111	2	2	33	22	2	36	0	6	2	21	0	0	16	2
chr9	17445607	17446341	6	89	3	0	27	58	8	2	57	32	4	10	0	0	0	28	0	0	16	10
chr9	130939328	130939883	6	39	0	88	10	27	4	74	8	16	3	27	0	5	4	42	0	6	2	4
chr9	113274936	113275604	0	0	0	1	0	0	1	0	0	0	27	0	100	210	8	2	110	258	18	19
chr9	6377729	6378628	6	78	0	2	0	67	0	2	15	18	2	13	0	0	0	14	0	0	5	0
chr9	133335043	133335891	0	0	39	141	2	0	45	104	12	10	2	0	3	5	0	0	8	26	2	0
chr9	131040262	131041303	19	76	0	2	0	100	2	0	34	32	0	28	0	0	0	20	2	0	8	6
chr9	34526748	34532149	34	445	2	8	29	324	2	6	112	114	13	87	0	0	10	71	0	4	28	10
chr9	33816013	33817247	0	0	8	4	0	0	4	1	0	0	14	0	950	218	0	0	554	88	64	66
chr9	19250689	19251255	8	0	74	28	20	0	60	14	21	12	9	15	27	5	14	0	1	0	16	3
chr9	33669031	33672525	20	209	6	2	4	215	4	0	68	35	2	57	2	0	0	46	0	4	20	12
chr9	4148297	4148677	3	7	55	7	8	6	61	11	31	37	7	5	22	8	4	21	11	2	32	13
chr9	126075285	126080199	30	253	6	7	14	232	2	6	163	121	9	98	0	6	10	54	0	0	33	19
chr9	137610454	137613985	4	0	31	6	0	0	31	8	16	8	62	12	3140	422	34	0	3225	332	114	124
chr9	106425	112724	0	18	0	1	0	21	0	0	38	14	148	1672	34	55	97	1322	37	31	626	445
chr9	41266683	41270308	7	44	0	5	2	42	1	0	12	8	67	613	5	28	102	545	20	16	173	130
chr9	74791338	74793282	7	95	2	4	7	78	4	2	33	17	8	28	0	0	4	18	4	0	27	16
chr9	15356772	15357361	33	0	85	13	58	0	67	1	18	14	17	11	24	3	15	4	18	0	12	29
chr9	108628066	108628593	2	44	4	2	2	33	0	8	11	8	8	14	4	0	0	7	0	0	13	5
chr9	115057	117520	0	10	0	3	1	4	0	2	40	21	86	789	18	189	35	766	30	129	372	213
chr9	41278213	41279745	0	4	0	0	0	4	0	0	2	2	61	276	14	6	54	227	20	4	168	107
chr9	132999994	133002579	31	264	0	4	12	242	6	21	86	51	6	87	1	2	10	73	0	6	34	35
chr9	36033819	36038427	35	383	8	98	22	348	12	105	97	62	30	194	6	0	20	156	2	4	68	54
chr9	126965454	126967358	14	0	287	20	44	0	305	15	17	10	12	0	55	0	4	0	60	8	7	8
chr9	124242624	124243370	6	8	90	98	2	8	66	80	22	16	10	4	22	30	12	0	38	12	30	6
chr9	129413922	129414612	0	0	0	0	0	0	0	0	0	0	2	0	204	115	8	0	151	47	18	11
chr9	109476553	109477196	0	0	0	0	0	0	0	0	0	0	14	0	181	15	24	0	219	30	24	10
chr9	121975205	121975980	0	0	2	0	0	0	1	0	0	0	14	0	254	35	0	0	170	16	35	46
chr9	79571953	79572542	0	0	1	0	0	0	0	0	0	0	3	0	137	141	0	0	157	94	11	8
chr9	105739	106249	7	133	0	1	19	85	2	6	49	29	19	23	0	2	6	21	0	0	48	45
chr9	34845640	34848415	4	171	6	2	22	161	0	0	26	30	0	54	0	2	2	22	0	0	12	8
chr9	39761917	39763376	6	45	4	0	2	35	0	0	36	16	20	43	4	0	2	43	0	0	22	19
chr9	134267066	134267834	43	65	11	7	64	88	25	18	41	27	22	28	3	6	55	58	0	4	56	29
chr9	127562787	127563658	5	1	129	25	16	0	156	23	23	12	2	0	41	11	4	0	31	11	8	14
chr9	37675372	37676940	15	104	8	8	10	90	14	16	30	25	14	68	0	3	0	50	3	0	45	22
chr9	122526750	122529853	23	184	12	0	22	227	2	6	71	48	16	81	0	6	17	36	2	10	51	36
chr9	126150545	126152335	14	45	42	47	10	70	54	49	41	36	8	76	24	32	8	81	17	47	53	43
chr9	4531063	4531819	48	3	93	31	92	4	143	24	31	41	27	23	61	14	47	5	37	12	11	9
chr9	35815576	35816351	14	2	37	111	5	2	16	92	10	4	4	0	6	26	1	0	4	24	4	6
chr9	120843476	120844109	0	0	0	0	0	0	0	0	4	0	0	0	137	210	0	0	103	173	8	12
chr9	135522083	135524590	22	117	0	2	44	129	0	0	75	70	8	70	0	3	14	29	12	6	35	39
chr9	126986405	126987331	0	0	2	0	0	0	0	0	2	0	2	2	264	30	0	0	221	28	12	8
chr9	72305622	72306911	13	0	150	141	4	4	107	179	10	19	6	13	56	42	6	0	50	28	19	19
chr9	76669960	76670805	6	30	17	112	6	48	17	107	37	27	8	20	9	46	0	32	16	40	48	4
chr9	41292514	41293728	0	8	0	0	0	16	0	0	4	6	46	215	2	20	22	248	5	3	99	97
chr9	125631879	125632540	10	2	93	24	19	0	92	16	22	14	8	0	33	5	16	0	36	11	3	4
chr9	122550246	122556625	66	593	5	14	18	506	16	14	131	103	30	239	0	12	26	193	16	6	138	88
chr9	4225963	4226405	0	0	0	0	0	0	0	0	0	0	3	0	115	46	38	8	61	28	6	6
chr9	32712181	32713395	12	110	0	0	10	107	6	0	45	22	10	72	0	0	6	94	0	0	4	9
chr9	130680851	130681294	1	21	6	28	0	4	8	60	14	9	4	5	0	18	4	12	0	21	12	8
chr9	38171182	38171496	1	2	35	7	4	0	38	0	43	21	5	2	23	2	4	1	11	0	21	6
chr9	133347677	133348180	0	0	2	5	0	0	1	3	0	0	4	0	91	166	4	0	119	103	11	20
chr9	122406123	122406785	2	0	0	1	0	6	2	2	10	12	8	4	127	179	0	0	137	97	29	18
chr9	135463255	135463911	28	0	84	25	37	1	149	14	35	16	9	2	60	3	10	6	60	2	31	18
chr9	18474999	18475565	0	25	0	0	0	32	2	0	8	6	0	18	0	0	0	16	0	0	5	4
chr9	115495274	115495557	0	2	6	4	10	0	7	12	82	68	8	12	2	4	0	7	4	5	30	51
chr9	38618482	38621858	43	210	48	339	54	139	32	246	198	141	24	85	48	213	10	80	40	216	54	65
chr9	21205672	21207071	19	76	0	2	3	50	10	3	30	23	14	64	0	2	9	26	0	0	26	30
chr9	130910138	130915300	52	669	6	64	46	528	34	62	217	143	46	385	30	70	54	346	14	60	199	151
chr9	36294635	36295055	9	0	75	9	0	0	51	1	18	17	0	0	24	4	7	0	27	0	16	0
chr9	127448147	127449233	14	0	55	136	15	0	54	139	18	13	20	0	26	56	8	0	16	47	22	6
chr9	131778826	131779865	10	80	0	4	4	85	0	8	27	22	12	41	0	0	6	47	0	8	22	15
chr9	41295658	41300707	7	35	0	0	3	26	0	0	7	5	178	948	30	47	134	868	38	35	502	362
chr9	78768460	78769396	6	37	0	2	14	42	6	0	11	8	11	22	0	0	4	19	2	0	26	14
chr9	36733262	36736743	21	187	0	9	14	213	2	4	81	59	23	45	0	2	21	61	6	14	94	64
chr9	130535212	130536003	6	65	1	8	0	63	0	8	26	12	4	21	2	0	0	51	0	10	11	4
chr9	128098522	128099390	0	0	5	11	0	0	0	3	0	1	9	0	170	242	6	0	139	176	18	13
chr9	518289	518813	9	10	107	45	6	2	97	65	20	25	2	0	43	52	6	0	34	25	11	9
chr9	37421870	37423264	20	5	317	382	10	3	190	267	76	56	6	0	103	115	6	0	72	124	82	62
chr9	130292295	130293744	4	101	4	0	0	96	4	6	30	24	12	55	0	4	4	46	0	0	22	11
chr9	33752976	33754371	2	0	85	109	0	12	70	87	10	9	6	2	48	16	12	0	52	26	6	4
chr9	131276443	131277640	10	92	0	77	4	68	2	58	33	13	7	10	6	40	10	0	8	51	22	18
chr9	117802966	117803845	4	38	2	2	6	29	0	0	14	12	6	24	0	0	0	20	0	0	8	21
chr9	41229617	41229768	0	1	0	0	1	0	0	0	4	0	36	58	0	6	34	80	7	2	210	169
chr9	133972646	133974850	21	129	12	15	0	144	16	21	87	42	30	110	7	15	20	120	14	7	81	65
chr9	115961143	115962358	20	140	1	8	0	80	2	0	44	27	6	64	1	2	4	66	7	2	21	12
chr9	109313657	109314175	2	0	35	20	2	0	70	26	2	0	6	0	22	8	8	0	26	7	10	6
chr9	119876983	119878593	15	64	0	0	6	67	0	0	23	19	4	19	0	4	2	61	2	0	27	19
chr9	37691323	37694715	11	156	2	26	3	146	0	4	34	25	10	88	0	8	4	64	2	18	26	12
chr9	69486424	69487051	7	5	97	4	14	2	78	0	10	7	4	0	54	0	3	0	32	4	12	11
chr9	19476834	19478622	8	144	8	1	20	143	0	0	46	32	6	95	4	2	24	40	4	0	42	20
chr9	33551181	33554704	34	200	0	10	14	166	15	6	98	123	13	158	0	5	3	130	2	4	29	22
chr9	132672024	132672570	14	2	27	59	46	0	10	84	15	30	20	2	27	36	20	0	26	32	12	12
chr9	134130920	134131274	7	0	63	39	4	0	44	44	32	19	8	4	50	35	2	3	8	15	27	25
chr9	36096158	36097816	8	36	1	2	10	66	0	0	16	8	3	17	0	0	4	51	6	0	2	9
chr9	115178002	115179168	4	71	4	4	17	75	2	14	27	26	27	47	0	0	24	36	2	2	14	16
chr9	133272300	133273213	27	0	75	81	4	2	68	100	35	29	6	8	45	35	8	4	40	70	30	18
chr9	135014429	135015912	11	108	0	4	6	200	2	0	64	48	8	74	2	0	2	96	0	0	27	16
chr9	41219156	41224890	10	122	2	2	0	79	0	0	34	32	135	983	21	35	86	902	14	32	414	263
chr9	2619254	2625214	18	364	38	327	20	290	34	330	152	103	50	307	38	214	29	212	40	251	102	109
chr9	134086424	134087389	6	57	0	2	0	50	0	8	25	19	9	25	0	0	10	39	0	2	17	13
chr9	19008531	19010604	26	81	6	0	0	84	2	4	49	24	19	40	2	0	13	51	4	2	37	23
chr9	135173648	135176363	30	195	6	4	16	227	0	6	84	81	13	122	2	2	19	132	0	6	70	63
chr9	109314495	109315423	6	0	65	13	4	0	65	4	18	7	18	2	29	0	10	4	21	16	15	8
chr9	129596109	129596769	8	5	77	22	33	2	85	16	12	12	6	4	49	10	0	4	64	22	20	22
chr9	130901138	130903375	15	126	0	4	9	84	6	0	38	34	11	66	2	1	3	60	0	0	56	38
chr9	15001886	15002967	12	67	5	0	11	53	0	1	40	23	2	55	0	2	0	49	0	0	36	18
chr9	130410701	130411272	12	0	83	14	10	10	71	4	9	10	11	4	26	3	4	2	78	6	10	13
chr9	33446982	33447784	64	59	19	121	122	32	26	136	45	27	51	84	15	140	72	39	20	117	46	38
chr9	124056169	124056866	6	34	0	6	8	35	8	0	15	14	0	55	1	0	6	32	0	0	17	8
chr9	37646115	37650467	24	139	2	20	21	126	21	2	52	28	23	105	0	21	2	113	10	5	71	39
chr9	993436	994340	11	78	0	4	10	33	0	2	8	28	13	58	2	1	2	29	0	0	21	5
chr9	135771040	135771804	5	28	0	0	20	28	0	4	17	13	4	33	6	2	12	31	0	0	24	8
chr9	37669135	37671836	10	225	4	24	6	180	4	40	42	34	14	183	0	29	32	96	8	16	30	26
chr9	133734020	133736000	12	116	0	2	15	153	12	2	54	39	8	77	0	10	10	94	4	2	65	47
chr9	19464296	19465039	74	14	12	68	174	6	14	50	36	30	57	15	9	32	119	2	10	48	30	33
chr9	128415465	128416060	10	14	74	39	10	10	63	28	9	13	2	0	24	41	16	20	55	22	8	5
chr9	135166119	135168612	31	95	0	0	46	125	2	0	35	33	2	78	0	14	2	100	4	1	49	24
chr9	14989528	14990853	14	106	10	11	10	108	6	1	25	24	15	72	0	2	10	101	8	0	29	18
chr9	37654845	37655708	5	56	4	0	4	43	0	0	19	15	2	51	0	0	2	33	2	4	14	12
chr9	130446232	130447254	4	12	41	90	20	4	59	100	26	16	12	10	31	78	6	4	16	68	24	8
chr9	130553213	130554592	6	109	0	0	0	75	4	8	31	33	8	48	2	0	26	40	0	0	30	26
chr9	18910861	18911323	0	39	0	0	0	62	0	0	18	8	3	16	0	0	2	40	0	0	15	11
chr9	69484951	69485585	20	3	170	4	0	0	157	6	13	7	10	0	79	2	2	0	74	4	7	4
chr9	69096192	69100355	88	14	1945	426	34	10	1768	386	174	146	84	0	909	91	34	2	934	100	154	96
chr9	19494540	19495444	8	60	0	3	20	83	0	4	37	19	14	38	2	0	23	42	0	4	45	22
chr9	37658363	37658703	8	34	0	2	0	21	0	2	12	8	0	16	0	0	3	33	2	0	15	2
chr9	20067697	20068557	12	30	0	10	7	48	3	6	32	7	14	59	0	0	14	33	2	0	5	9
chr9	1631868	1633101	2	42	0	0	1	49	0	2	10	16	1	16	3	2	0	38	3	0	19	9
chr9	15086517	15087157	8	79	0	2	3	41	4	0	15	5	8	43	0	0	18	22	0	2	6	8
chr9	35999624	36007088	81	450	44	13	52	415	63	4	155	86	48	488	54	19	30	393	45	7	110	98
chr9	69668390	69669684	7	63	3	10	10	53	0	0	14	18	7	46	0	9	2	60	0	0	17	14
chr9	76613560	76617403	34	378	4	32	14	213	10	14	43	38	14	216	27	56	32	106	26	44	81	75
chr9	122093830	122094998	10	117	0	13	12	120	4	17	18	8	2	136	2	4	4	61	0	13	8	10
chr9	135751056	135755179	36	211	6	6	22	215	2	18	132	102	16	142	2	8	12	173	2	10	134	130
chr9	39808577	39810821	23	5	229	441	12	2	153	366	49	61	4	0	78	184	1	2	60	136	53	40
chr9	34373900	34374812	6	0	43	45	0	0	80	31	18	12	6	8	45	4	12	0	58	16	18	22
chr9	124040934	124041375	50	16	1	31	117	36	2	17	14	8	46	18	0	0	89	7	0	0	10	14
chr9	34583238	34588153	10	245	0	10	2	221	2	2	62	68	4	124	0	4	6	110	4	5	78	61
chr9	34725028	34726434	0	4	0	0	0	0	0	0	0	0	30	141	2	4	28	180	12	4	204	147
chr9	130917038	130920309	14	215	0	0	0	227	14	2	54	37	9	114	4	2	30	72	2	2	62	56
chr9	128249937	128250450	3	4	6	25	0	2	6	26	17	10	8	9	7	16	0	0	8	20	2	8
chr9	18347376	18349463	1	138	2	8	6	79	6	0	11	17	14	79	0	8	0	46	0	0	14	14
chr9	122166405	122167467	23	67	6	0	4	72	0	9	49	28	6	80	1	0	0	70	14	2	32	24
chr9	133563738	133564162	5	31	33	7	13	17	37	20	12	12	1	9	37	19	5	11	43	13	6	3
chr9	135012108	135013126	7	66	4	0	23	83	7	0	35	21	12	68	0	2	2	76	0	0	22	29
chr9	17540477	17543417	24	214	0	4	40	122	6	1	48	42	28	170	1	4	39	101	4	4	47	31
chr9	109344903	109345618	22	2	87	20	14	0	60	15	31	21	6	0	93	6	10	0	43	2	33	19
chr9	15078012	15078654	8	65	0	6	0	43	0	6	13	12	4	49	2	12	4	36	3	2	12	11
chr9	32167868	32172049	24	359	4	2	41	236	4	8	100	85	43	165	0	4	22	176	12	0	83	79
chr9	119829366	119830356	18	64	0	6	2	47	0	0	20	15	10	45	4	0	2	52	0	0	30	8
chr9	36121776	36122284	2	44	0	4	8	51	0	0	27	18	2	38	0	0	7	46	0	3	22	17
chr9	19160790	19161673	27	0	210	22	6	4	144	4	34	37	2	0	122	16	0	0	86	2	12	10
chr9	135148688	135149682	3	56	10	0	8	30	0	2	24	10	10	52	0	0	0	29	0	0	20	22
chr9	38675408	38678434	12	174	4	2	61	106	0	2	57	36	12	106	0	6	40	81	0	0	51	29
chr9	41271071	41274403	22	190	6	4	26	117	3	5	50	26	88	439	58	455	73	378	74	548	310	257
chr9	34591121	34591715	2	40	6	46	10	66	0	107	14	2	8	12	11	44	29	32	0	34	4	2
chr9	131393426	131393973	14	0	54	66	21	0	32	102	11	6	13	12	14	58	42	7	42	32	6	0
chr9	130895393	130899722	38	307	4	11	45	358	4	8	105	76	48	231	12	6	26	264	8	9	113	72
chr9	130921822	130924316	30	284	0	10	4	250	0	9	115	54	19	147	0	14	4	171	6	0	83	78
chr9	126020672	126022292	8	127	0	0	16	65	12	1	41	34	17	67	0	0	2	79	2	4	35	33
chr9	33734272	33735035	0	2	173	6	4	0	105	14	18	14	2	8	73	10	10	0	63	16	7	16
chr9	16266969	16267651	12	0	22	41	13	1	37	64	25	7	9	17	14	49	22	2	15	41	13	9
chr9	3106844	3108612	12	120	0	12	17	136	10	2	55	28	24	62	2	4	12	129	12	2	41	39
chr9	128218481	128218829	7	0	12	46	4	0	12	45	31	46	10	4	16	29	0	0	2	31	42	44
chr9	126125647	126126243	6	37	0	2	0	70	0	0	20	16	6	29	1	0	2	51	0	0	24	10
chr9	115068388	115068911	0	27	4	2	0	38	0	0	14	11	2	17	0	0	0	30	10	0	26	2
chr9	134070541	134077765	59	526	10	23	46	553	24	30	175	152	45	469	0	18	59	474	14	17	144	112
chr9	134855345	134858245	22	119	0	6	4	93	0	0	34	57	13	98	0	4	12	70	8	0	53	28
chr9	114153857	114157016	83	138	66	337	94	124	36	404	72	47	69	168	82	303	137	130	65	313	60	64
chr9	124036948	124039080	41	156	2	10	41	95	4	16	64	48	31	115	0	9	57	116	2	18	45	24
chr9	127540943	127541756	28	2	188	37	29	12	256	34	53	17	17	2	120	12	45	0	152	42	60	23
chr9	35988974	35998290	96	718	12	14	45	507	32	12	182	140	49	499	10	22	38	487	3	6	192	129
chr9	4762635	4763097	68	0	37	58	141	0	20	33	23	11	57	4	8	41	120	0	10	8	12	9
chr9	137614089	137615197	46	0	51	25	138	0	31	13	26	12	27	0	49	2	64	2	74	2	22	28
chr9	135616436	135618082	37	63	0	3	23	101	3	0	63	33	16	93	12	0	14	66	2	1	72	50
chr9	131806930	131810571	16	99	2	8	24	72	20	2	23	20	9	113	0	4	2	88	0	6	37	32
chr9	134176803	134179549	38	283	10	14	20	296	10	2	79	60	15	233	0	2	18	270	4	4	76	46
chr9	135144734	135145773	5	51	0	0	10	49	2	0	34	24	2	59	0	4	2	52	0	0	26	13
chr9	133661195	133662219	6	65	0	0	0	73	0	0	28	16	10	52	0	0	5	45	4	4	14	6
chr9	131547285	131549510	12	99	0	2	5	97	0	0	60	38	4	88	0	4	6	84	4	0	22	8
chr9	135620951	135621574	10	48	0	2	0	41	0	2	14	11	2	46	0	0	2	35	6	0	9	2
chr9	131831973	131833873	10	151	8	0	6	147	4	2	41	52	12	102	0	2	12	95	2	10	49	40
chr9	133123639	133124391	15	2	26	6	4	2	90	6	40	39	10	5	90	4	8	8	54	4	44	57
chr9	127612958	127614049	0	26	18	140	9	12	48	216	26	25	6	24	16	116	21	16	8	133	22	24
chr9	131823418	131826229	14	122	1	8	0	90	1	0	33	25	12	77	0	0	8	69	2	6	41	25
chr9	129751536	129752975	22	22	88	207	17	35	138	169	44	45	26	72	134	129	10	32	111	167	34	31
chr9	15113378	15117635	44	332	6	32	46	241	6	37	140	79	31	282	12	72	17	279	25	72	103	102
chr9	134341845	134343322	14	6	104	24	32	2	140	2	56	30	8	6	77	11	10	0	127	6	65	36
chr9	72119880	72120896	15	10	141	33	4	4	147	30	45	35	26	3	138	17	14	4	86	31	32	17
chr9	34186534	34186845	3	2	44	22	0	0	22	12	0	1	3	0	42	6	0	0	10	9	3	0
chr9	34072620	34073036	4	3	72	11	1	0	51	8	6	13	11	0	43	9	1	0	28	9	13	9
chr9	5600136	5600571	7	0	56	140	9	2	52	144	8	4	22	19	8	73	19	4	22	80	2	2
chr9	130932598	130935791	14	269	6	14	40	233	6	8	50	44	54	206	4	18	28	190	18	14	74	50
chr9	124097669	124099426	4	109	6	13	14	66	1	6	34	26	13	91	0	2	8	80	8	0	40	42
chr9	19100915	19101838	5	2	56	119	2	4	47	141	28	12	6	0	20	95	14	0	26	68	4	8
chr9	132465792	132468042	0	162	0	2	42	90	2	12	51	16	14	71	2	0	25	119	0	4	27	17
chr9	109478124	109479341	8	0	87	28	12	2	80	8	27	14	10	0	68	6	10	0	84	2	16	18
chr9	34664348	34665419	97	6	68	252	271	4	34	160	84	50	58	4	32	215	124	4	20	176	66	44
chr9	2228503	2229859	13	18	137	7	10	2	78	30	16	24	20	8	108	10	19	12	62	21	40	33
chr9	133579540	133579995	2	37	0	1	8	53	0	0	22	19	4	15	0	2	14	38	0	0	33	27
chr9	133533365	133536420	13	348	0	9	49	233	16	18	62	44	23	281	0	13	20	242	10	20	58	48
chr9	72152192	72154787	50	16	622	234	34	12	430	217	66	40	24	2	326	156	20	0	387	118	51	24
chr9	38140530	38142210	16	54	0	2	8	58	2	9	29	22	6	92	2	0	4	55	0	0	22	27
chr9	4297007	4298577	65	84	241	505	108	70	201	562	110	110	68	97	263	546	134	48	174	443	116	86
chr9	133136991	133137665	7	0	44	1	0	0	67	12	10	8	0	0	28	2	6	0	55	4	14	8
chr9	20622906	20624127	24	119	8	162	3	85	4	187	28	17	16	90	2	134	14	78	0	105	24	28
chr9	69130555	69132506	41	8	193	215	10	2	215	138	107	70	44	18	198	132	22	6	122	143	53	82
chr9	112112317	112112680	0	0	55	10	5	0	35	4	5	2	2	0	23	2	4	3	47	0	10	4
chr9	134892294	134893901	12	82	0	12	10	117	6	0	38	18	6	75	2	4	0	119	6	2	46	30
chr9	126113271	126116218	25	224	2	0	17	156	10	4	59	49	10	138	0	5	24	162	0	2	55	47
chr9	131373621	131374133	5	4	150	94	2	0	98	84	28	24	0	0	62	64	2	0	87	50	6	5
chr9	121652094	121653080	10	6	92	209	2	8	80	224	32	27	23	4	46	153	8	18	23	159	22	28
chr9	71759381	71760060	13	0	83	45	8	0	93	25	8	6	6	1	54	23	0	0	55	45	8	12
chr9	36130589	36138770	87	1011	8	174	38	757	38	260	198	146	100	738	20	288	76	682	36	234	241	184
chr9	134089947	134094288	30	269	2	15	30	227	16	8	79	66	28	283	8	2	28	190	16	4	63	45
chr9	108039275	108039581	6	0	26	4	14	2	34	4	35	19	12	0	30	3	1	0	34	1	24	28
chr9	131012471	131013521	7	49	0	2	6	60	0	0	31	25	14	68	0	0	1	40	2	1	14	27
chr9	134240941	134244176	14	237	0	8	23	258	16	0	66	56	10	254	4	8	10	195	8	4	61	61
chr9	132985354	132988193	11	152	4	12	20	156	28	4	75	62	16	193	6	12	14	167	2	6	96	69
chr9	110452338	110452589	19	4	0	0	40	13	0	0	8	2	21	4	0	0	28	1	0	0	9	3
chr9	130433390	130434560	53	91	35	93	98	94	21	96	39	19	61	80	52	134	125	75	50	120	41	22
chr9	4509480	4510058	4	0	60	13	3	0	74	2	14	8	10	0	42	4	0	0	49	4	12	18
chr9	109307772	109308318	8	0	60	26	2	1	86	20	5	4	0	1	46	18	8	2	52	15	17	13
chr9	15330168	15330939	8	8	169	159	8	6	137	114	20	14	16	8	106	113	0	0	101	77	22	12
chr9	112965705	112966848	11	63	0	0	0	78	0	0	22	19	8	57	2	0	17	39	2	0	15	23
chr9	33527328	33531694	34	359	3	10	4	263	6	4	129	52	22	294	0	4	17	206	24	8	31	29
chr9	134830726	134831736	6	73	8	0	0	55	0	0	47	36	8	54	0	0	4	76	4	4	31	32
chr9	19413410	19414066	6	6	30	44	0	6	34	35	12	8	0	6	28	34	2	0	19	38	8	6
chr9	35949174	35949796	19	18	94	17	8	13	100	3	41	26	20	10	98	20	1	4	97	6	44	35
chr9	16264647	16265422	15	63	0	0	2	24	2	0	24	22	2	50	0	2	0	56	0	0	20	9
chr9	114290882	114291219	56	0	2	0	74	7	14	0	9	19	33	10	0	0	62	0	4	0	18	18
chr9	20071208	20071728	0	35	1	2	0	35	0	0	18	10	2	48	0	0	4	24	0	0	14	4
chr9	37641200	37645183	30	175	0	0	12	247	3	2	51	45	20	188	0	10	4	128	4	8	61	44
chr9	135612047	135616415	13	217	4	10	18	243	6	4	73	40	12	178	4	4	40	167	0	0	71	63
chr9	38706385	38707578	12	62	0	0	2	67	2	0	14	24	9	60	0	2	4	57	0	0	24	4
chr9	38040400	38041722	19	0	120	22	4	0	160	14	40	36	18	4	122	18	6	2	98	1	28	28
chr9	134521059	134526103	37	292	0	6	19	323	4	3	162	114	27	291	6	8	18	288	0	16	162	89
chr9	134537167	134540883	20	396	4	8	34	416	0	4	128	83	41	284	6	6	28	243	0	6	134	129
chr9	135711636	135713454	2	68	0	8	22	67	0	0	30	30	10	87	8	0	2	65	0	2	27	28
chr9	69286947	69289317	8	70	0	0	14	92	0	2	26	20	11	84	0	3	9	56	2	0	35	20
chr9	114719188	114719481	15	4	56	12	2	0	90	0	11	15	0	2	41	10	0	0	67	8	9	4
chr9	114080087	114080618	7	1	42	3	16	2	75	12	25	20	11	6	50	6	0	2	67	2	27	22
chr9	7266635	7268073	2	56	0	2	4	51	0	0	24	18	4	52	2	0	0	45	0	6	20	11
chr9	19161897	19162960	21	2	234	16	9	4	178	22	40	37	20	0	171	46	3	0	106	14	30	21
chr9	77433398	77433860	14	1	15	0	59	0	6	0	12	14	23	0	14	4	37	1	8	0	14	4
chr9	873690	880997	34	327	5	11	42	229	10	12	132	76	39	328	2	6	13	271	6	8	105	93
chr9	130328786	130331245	12	136	16	14	2	134	0	6	46	26	36	73	2	2	20	129	14	2	41	36
chr9	132430486	132431409	9	58	2	2	6	52	0	0	21	8	2	36	1	0	18	59	0	2	8	10
chr9	124161250	124163882	2	112	4	0	4	115	0	0	27	17	2	75	0	8	14	79	4	0	14	17
chr9	35660694	35661463	86	19	55	44	150	0	54	19	38	23	51	4	64	20	141	0	97	27	41	27
chr9	71757921	71758361	4	0	71	25	0	2	49	24	8	8	10	0	34	41	6	0	30	18	6	4
chr9	35603378	35603815	10	1	36	58	19	0	11	38	8	7	5	0	31	52	10	0	10	34	12	9
chr9	133138142	133139063	11	0	57	14	14	0	64	2	28	30	6	6	73	6	4	0	50	16	37	12
chr9	126940368	126940764	21	0	95	56	48	2	81	26	6	6	15	0	62	60	44	0	36	29	11	6
chr9	135633835	135636972	21	226	4	0	4	206	0	0	52	26	16	118	2	2	26	145	0	10	36	25
chr9	36042075	36043184	2	77	6	4	3	83	0	0	27	8	11	75	2	4	2	75	0	0	11	8
chr9	33628426	33628868	8	61	0	4	4	44	0	6	19	6	10	55	4	1	0	53	8	0	22	8
chr9	35961776	35969254	58	413	4	4	38	436	4	12	135	86	52	417	14	28	22	359	12	8	95	86
chr9	126033417	126038091	26	238	0	2	20	316	6	2	113	76	21	193	2	0	10	227	6	8	126	65
chr9	134794883	134796231	7	93	0	10	6	88	8	0	64	40	12	67	0	1	4	112	3	0	77	53
chr9	130906130	130908943	14	144	0	0	14	169	0	1	41	32	13	128	10	0	14	109	6	10	71	34
chr9	74887057	74887873	18	65	0	157	24	32	10	186	26	20	6	60	8	118	2	46	8	151	37	24
chr9	133615357	133616194	2	75	0	3	2	79	0	0	35	20	4	70	0	4	5	66	0	2	24	10
chr9	34046184	34047753	16	0	118	183	18	0	101	185	22	12	12	0	72	132	14	6	65	146	42	14
chr9	124095187	124096288	2	46	2	2	2	63	0	0	24	19	12	44	2	0	0	48	0	0	12	10
chr9	130043212	130043878	18	0	71	165	30	0	46	137	22	22	20	0	65	116	38	5	25	109	16	8
chr9	129640687	129641631	8	2	10	118	26	0	2	135	32	24	6	0	25	73	0	0	12	94	6	6
chr9	110207550	110208152	5	1	73	30	4	0	107	44	16	6	0	0	44	54	2	2	60	30	6	14
chr9	135654886	135657878	12	61	10	1	14	167	9	2	67	56	12	141	2	0	10	128	12	0	45	65
chr9	111484507	111485172	2	0	39	132	14	4	18	78	4	0	2	1	24	68	2	0	22	56	4	2
chr9	75892190	75892570	2	29	0	23	0	44	0	1	13	2	4	63	3	9	8	22	0	6	13	8
chr9	75207902	75208728	27	61	30	181	17	24	56	186	87	67	14	6	71	191	14	15	32	204	38	37
chr9	134333086	134334864	25	7	191	105	16	10	189	72	103	88	32	7	160	107	14	0	140	131	99	62
chr9	126117964	126118867	12	62	0	0	2	33	0	4	45	24	1	80	2	0	4	54	2	0	17	22
chr9	33818202	33818565	0	0	12	20	0	0	11	10	0	2	0	0	13	6	0	0	22	10	0	0
chr9	865237	868305	38	160	6	12	4	134	26	12	40	44	40	220	2	0	8	165	6	10	25	39
chr9	4664632	4665154	2	0	28	63	0	0	26	59	16	6	0	0	17	49	0	0	8	50	4	5
chr9	134220465	134232497	76	753	12	48	54	799	6	24	234	144	66	669	18	8	28	869	26	34	241	207
chr9	134106793	134109071	8	118	0	4	8	109	2	8	38	25	10	111	0	2	12	114	0	2	34	12
chr9	72294645	72295761	8	0	302	44	17	0	278	30	38	64	17	6	236	43	16	0	214	6	36	46
chr9	19471786	19474039	78	118	2	19	158	162	11	20	36	50	115	99	6	8	222	59	7	14	50	49
chr9	134263277	134264991	6	118	8	0	16	135	4	6	33	21	26	123	8	0	8	120	0	4	29	46
chr9	4901038	4901869	6	10	199	51	3	9	109	53	28	36	8	22	126	38	4	0	140	68	16	11
chr9	131789656	131792732	14	159	2	6	30	163	14	2	126	87	14	177	0	4	32	168	2	0	106	77
chr9	124020698	124022090	10	63	6	2	14	87	2	2	18	18	10	125	0	3	2	66	10	0	16	4
chr9	127545695	127547389	41	0	554	79	32	10	506	80	82	69	25	4	319	77	12	0	475	87	81	69
chr9	15027095	15030065	53	232	0	6	4	253	8	0	77	65	23	250	4	10	18	206	0	1	62	36
chr9	133601520	133605155	47	123	6	6	34	149	2	4	72	59	38	177	2	0	23	160	0	2	68	62
chr9	132210588	132214005	25	117	0	2	10	195	6	10	93	63	22	177	0	4	16	157	4	10	84	65
chr9	131030589	131032933	8	66	2	0	2	70	0	0	26	18	4	50	0	8	18	61	0	0	27	12
chr9	131544459	131545104	3	85	9	6	0	37	0	11	6	12	3	68	9	10	3	63	5	5	14	10
chr9	19399496	19400402	8	0	74	0	0	0	58	12	14	6	10	0	63	0	4	0	47	0	2	4
chr9	133606493	133607402	8	46	0	0	2	45	0	0	17	5	2	60	0	0	0	42	0	0	23	8
chr9	72314754	72316906	13	10	355	60	8	0	313	27	29	19	22	13	285	51	8	2	218	20	40	23
chr9	127583953	127584459	10	2	66	16	0	0	115	2	10	12	4	0	76	23	13	6	48	4	3	6
chr9	115373830	115374323	3	2	61	10	13	4	42	6	11	5	14	2	44	1	0	0	51	12	20	16
chr9	134530103	134532980	23	189	0	2	18	233	0	8	60	42	12	223	8	4	16	182	0	4	32	48
chr9	35604378	35605246	21	4	86	405	28	2	117	285	46	48	9	7	54	328	22	0	40	226	49	35
chr9	121650766	121651168	0	8	57	45	14	2	43	48	11	4	4	4	47	27	8	0	83	32	18	6
chr9	115115982	115118683	8	180	2	6	0	134	0	15	34	19	19	122	2	22	0	87	6	25	50	28
chr9	6024074	6024358	30	2	14	17	118	0	2	6	15	16	23	0	20	26	77	0	13	16	10	8
chr9	117783061	117783654	40	5	56	133	92	2	32	110	28	24	48	16	34	98	84	2	42	129	20	18
chr9	122172070	122174151	14	132	2	4	6	114	4	8	19	34	9	81	2	2	4	166	0	12	26	30
chr9	133528329	133528699	10	59	0	0	1	45	2	0	22	18	2	51	0	0	9	51	0	10	19	15
chr9	33211816	33212471	12	0	53	4	25	0	91	0	45	15	9	0	79	14	16	2	57	0	29	16
chr9	135469090	135469594	20	0	170	66	27	0	170	77	18	21	8	0	138	59	8	0	165	65	20	16
chr9	130545646	130546472	4	30	0	0	6	48	1	0	25	13	8	40	0	0	9	35	6	4	24	30
chr9	128084008	128084441	71	0	28	21	151	0	39	27	9	13	41	0	54	6	145	0	38	16	17	8
chr9	134708308	134708912	15	57	0	0	7	62	0	0	37	21	13	78	1	0	0	57	12	0	43	31
chr9	127523613	127523949	10	2	23	2	21	0	12	12	7	6	4	0	14	0	47	0	12	0	3	10
chr9	113342329	113342851	8	0	35	8	2	0	49	0	8	5	4	0	49	4	0	0	26	8	8	4
chr9	127396178	127396824	8	2	64	307	4	0	36	244	79	76	6	6	34	195	10	0	48	191	92	96
chr9	5210614	5211017	4	25	0	0	1	38	0	0	3	3	4	21	0	0	0	36	4	0	12	12
chr9	128270631	128271198	2	0	93	12	0	0	55	9	10	2	0	0	35	13	5	0	52	26	8	2
chr9	129851800	129854058	30	12	375	64	7	4	273	40	67	51	34	8	322	22	12	4	321	28	82	42
chr9	73151296	73151643	6	10	29	6	10	0	35	28	7	5	0	0	32	30	4	0	41	6	6	2
chr9	900656	902380	10	69	4	6	8	48	0	0	43	28	2	112	3	4	0	70	12	5	31	11
chr9	69186177	69187954	24	1	278	69	11	0	292	45	69	53	19	2	239	78	14	4	218	41	76	45
chr9	72360360	72360786	11	0	14	40	2	0	4	35	8	0	4	0	9	34	0	0	17	28	4	6
chr9	126526683	126527626	0	89	3	2	1	88	7	2	24	17	15	55	2	0	4	82	0	0	41	27
chr9	15018457	15024986	42	568	2	21	43	422	12	24	147	96	71	585	4	24	42	435	12	10	158	112
chr9	119549777	119550619	10	25	0	0	14	29	3	0	15	13	7	48	0	0	10	45	0	0	21	20
chr9	133333818	133334264	21	0	33	10	8	0	53	29	16	7	10	0	51	13	12	0	52	26	15	8
chr9	127047555	127049242	29	8	380	44	50	2	370	32	30	35	10	6	360	55	40	2	224	63	28	33
chr9	135251366	135252099	5	67	0	4	0	49	2	5	36	38	13	47	0	13	26	49	0	4	37	28
chr9	130353632	130354147	2	6	43	1	18	9	49	2	23	29	5	4	57	0	4	9	58	7	23	30
chr9	128295472	128296309	47	2	155	15	32	2	121	28	33	26	35	0	128	33	66	6	130	10	18	18
chr9	19074216	19074865	21	2	69	9	0	0	52	34	29	12	15	3	77	25	6	0	72	3	28	20
chr9	126851363	126854979	22	97	2	0	0	103	10	16	40	29	12	110	0	15	14	133	8	8	37	43
chr9	113765026	113767313	14	58	0	2	5	41	8	0	20	17	14	53	4	0	4	79	0	0	19	16
chr9	72121052	72121568	6	4	36	0	4	0	30	0	5	9	13	0	27	6	6	6	35	0	6	6
chr9	27572306	27573202	6	2	10	103	6	16	11	93	58	36	6	9	34	84	6	7	37	92	30	26
chr9	19406709	19407512	2	0	32	29	0	0	47	10	2	1	0	0	52	10	0	0	24	14	4	6
chr9	114852521	114853053	12	2	99	4	16	4	100	8	9	8	8	7	105	5	0	0	86	2	7	13
chr9	111959871	111960234	6	5	38	14	0	10	49	8	9	7	2	2	41	0	0	0	71	4	8	17
chr9	108049108	108049524	5	2	45	12	0	0	18	8	56	43	0	0	52	0	10	0	47	9	30	26
chr9	984864	987124	12	142	8	0	8	94	4	0	38	26	15	142	0	6	5	127	6	6	36	22
chr9	127225917	127226230	13	12	16	13	0	3	9	17	12	7	3	13	13	27	8	10	4	32	9	5
chr9	35657060	35658300	38	2	273	259	50	5	129	158	188	171	40	10	292	205	24	2	166	174	198	210
chr9	111597557	111598834	66	2	41	260	188	6	38	195	14	8	116	4	4	78	351	0	12	64	6	16
chr9	21192829	21194601	25	67	0	4	66	81	11	4	73	75	27	146	0	0	42	138	0	9	81	54
chr9	113150587	113152387	32	11	63	329	85	2	24	285	48	53	55	17	54	312	86	16	35	242	61	48
chr9	32378821	32379367	21	1	2	4	63	0	0	8	14	6	17	0	0	14	55	0	8	0	12	8
chr9	114662286	114663399	19	66	0	2	78	58	0	4	16	12	26	106	2	4	46	74	2	6	20	12
chr9	32709836	32711578	12	77	0	0	20	44	2	2	54	22	18	84	2	4	6	63	2	4	41	45
chr9	112556676	112557704	16	8	221	21	2	0	216	49	34	29	10	2	134	59	0	2	222	16	22	22
chr9	76905963	76910148	5	217	19	21	10	148	2	27	51	46	22	221	19	34	36	197	6	28	51	27
chr9	3021691	3023415	20	77	0	0	8	62	0	16	21	18	2	111	0	0	4	117	2	0	15	8
chr9	77132031	77132491	6	27	2	0	0	22	0	2	5	10	3	46	0	0	1	25	0	2	12	4
chr9	134954903	134956699	6	77	2	0	6	67	0	0	38	43	10	67	0	0	20	67	12	0	41	36
chr9	131770983	131773355	8	102	0	0	4	146	0	6	62	44	10	121	0	0	9	138	4	4	40	44
chr9	131781107	131783557	31	105	0	4	10	124	2	2	38	17	18	132	0	10	2	127	5	4	32	23
chr9	72139824	72140553	10	0	77	13	4	2	94	8	10	8	7	0	75	12	0	0	74	5	6	20
chr9	75196780	75198124	12	64	2	4	2	82	0	4	33	22	8	89	0	0	16	78	10	2	27	18
chr9	35979349	35981958	24	199	6	8	6	170	0	2	36	26	2	208	0	2	6	173	10	0	30	30
chr9	132705057	132706519	12	90	0	0	6	100	2	0	33	28	5	82	0	2	4	124	0	0	29	21
chr9	135115047	135116036	10	72	0	0	12	60	0	2	45	38	6	86	6	3	1	79	0	2	58	49
chr9	19050596	19051802	22	6	79	311	16	8	54	243	38	29	6	0	28	226	4	0	46	250	30	49
chr9	15354914	15355148	20	0	18	0	47	0	20	0	2	13	22	0	8	0	59	0	5	0	4	0
chr9	69178904	69180518	30	0	164	56	18	0	183	28	24	24	26	3	228	48	14	4	134	10	18	31
chr9	135160213	135164093	12	163	2	3	14	250	0	0	123	89	16	153	0	8	18	228	4	4	63	67
chr9	71760408	71761657	50	0	183	122	42	0	141	78	40	24	18	3	153	94	38	0	137	122	36	53
chr9	33633710	33635353	3	72	2	2	0	33	0	0	19	22	6	58	0	0	2	63	0	0	22	6
chr9	133670293	133673789	40	184	2	6	8	203	14	8	134	88	34	232	8	6	7	231	4	0	177	110
chr9	135299226	135304777	31	260	16	10	16	268	2	2	107	52	20	289	12	2	44	236	10	20	105	94
chr9	127422700	127423818	3	0	49	234	18	0	30	287	34	18	8	0	52	184	18	0	61	178	26	24
chr9	72442659	72443233	9	2	58	5	0	0	60	1	9	2	2	0	51	5	0	0	42	7	3	7
chr9	19104364	19104904	14	0	55	33	0	0	52	28	12	4	13	0	55	13	5	0	54	36	4	6
chr9	34329532	34330402	10	4	172	179	0	0	134	178	62	56	0	0	112	153	0	2	106	145	52	49
chr9	41338010	41338934	0	0	0	0	0	0	0	0	0	0	43	236	4	31	13	169	23	33	163	133
chr9	134516431	134517078	10	44	0	0	0	61	0	0	21	7	9	42	0	0	4	79	2	4	17	5
chr9	127198317	127199952	173	0	370	34	266	2	434	54	48	27	104	4	348	27	296	0	343	14	44	38
chr9	38063193	38064095	14	0	67	70	0	0	30	55	10	8	6	0	30	69	2	0	54	48	4	6
chr9	6008612	6009275	2	0	44	148	4	0	40	66	15	21	8	0	19	90	0	0	42	90	20	12
chr9	112165165	112165996	11	0	64	6	3	0	60	6	8	18	4	0	63	17	11	4	56	5	18	8
chr9	114693617	114694161	10	9	40	17	23	2	121	6	7	21	12	14	128	3	10	6	87	6	15	13
chr9	112555806	112556227	4	0	51	29	2	0	66	20	21	8	3	0	34	31	0	0	36	44	25	19
chr9	33328586	33329124	6	0	175	12	2	0	200	18	15	12	4	0	157	35	0	0	122	4	16	11
chr9	132186438	132190349	30	179	0	8	24	165	2	4	77	52	22	186	2	12	6	247	2	14	65	33
chr9	113374955	113377659	86	8	2944	1978	40	4	2685	1707	124	114	40	8	2053	1319	34	0	1567	1146	100	84
chr9	133485413	133486192	4	6	161	26	0	0	91	14	16	6	8	2	124	17	4	0	105	10	8	17
chr9	4662239	4662869	34	0	197	203	39	0	202	167	38	39	24	4	220	218	20	0	176	110	30	18
chr9	122954585	122954877	15	0	30	8	0	0	33	15	4	7	14	1	38	13	2	2	42	6	13	8
chr9	79355911	79356459	8	33	0	1	1	39	0	4	11	16	2	42	0	1	5	55	0	0	20	8
chr9	133584045	133585505	6	99	0	4	7	64	0	22	18	14	9	91	0	0	6	108	10	12	26	34
chr9	125726454	125727701	5	47	0	1	2	37	0	0	16	6	1	38	0	3	3	59	0	0	8	4
chr9	34537176	34537743	14	60	0	0	2	39	0	0	12	8	0	58	4	0	0	51	0	4	18	4
chr9	34637995	34638680	0	2	114	144	4	0	60	156	20	14	4	2	41	150	10	0	56	111	10	7
chr9	34647251	34648302	6	0	36	107	14	4	16	79	28	14	10	6	28	108	0	2	23	76	40	13
chr9	134630699	134634581	27	153	0	4	18	195	2	9	93	94	38	213	8	2	15	185	6	6	114	104
chr9	126327280	126327846	4	1	12	48	0	4	27	68	12	8	6	2	23	66	4	0	32	36	10	7
chr9	34834240	34835768	4	15	0	0	0	18	0	0	3	5	34	267	6	10	50	320	28	12	309	210
chr9	134702117	134706912	52	269	0	17	53	304	4	2	186	137	39	348	4	10	39	389	0	16	152	116
chr9	134875307	134877281	14	101	4	0	10	139	0	0	39	21	18	100	0	4	35	110	2	0	35	27
chr9	5831008	5833789	44	10	962	771	18	0	1156	588	76	68	30	0	678	622	20	0	700	448	24	24
chr9	134329369	134330690	30	4	333	174	14	0	263	222	44	26	18	0	195	188	6	2	298	167	38	12
chr9	111958200	111958518	7	5	13	15	16	3	22	17	23	21	0	3	20	48	4	0	3	35	16	20
chr9	4665872	4666494	0	0	53	88	8	2	28	97	4	2	0	0	22	80	6	0	40	73	12	4
chr9	121598051	121599403	58	4	213	339	76	2	134	226	48	58	60	4	237	275	60	0	126	234	56	54
chr9	134083890	134085250	8	72	4	2	20	56	0	0	33	21	10	86	0	2	6	113	0	6	19	10
chr9	133642500	133647434	12	242	2	2	24	229	2	0	123	98	26	281	6	4	20	208	4	8	110	76
chr9	36316767	36319610	60	12	1969	330	30	14	1922	192	186	174	42	6	1772	134	30	0	1500	144	154	107
chr9	112554645	112555026	11	0	41	13	2	0	11	2	10	11	5	0	44	10	0	0	25	8	6	14
chr9	129788423	129789441	4	43	0	7	12	40	0	0	14	10	16	95	0	4	8	26	2	2	10	10
chr9	126531607	126532815	9	63	2	4	14	89	2	2	26	23	15	106	0	4	2	80	1	0	43	36
chr9	32729665	32731860	22	174	0	2	12	137	0	2	60	32	31	191	7	8	13	119	16	6	56	28
chr9	110206359	110206804	6	0	59	20	0	0	30	15	10	9	4	0	54	18	6	0	32	20	6	15
chr9	4488491	4491687	42	158	175	457	20	146	122	467	116	96	44	110	190	622	22	135	136	562	116	93
chr9	5335443	5338122	16	76	4	8	15	83	17	14	14	11	16	158	2	17	12	115	14	4	35	40
chr9	71762284	71763641	22	0	262	134	30	6	237	115	38	26	28	2	213	180	6	2	238	81	38	26
chr9	107557154	107557725	6	2	53	13	0	0	82	10	18	10	0	1	83	6	0	0	60	5	25	22
chr9	126163298	126167273	41	199	9	8	28	210	8	6	104	70	22	283	0	4	6	308	0	0	108	82
chr9	126701805	126702648	23	48	0	0	80	16	0	12	17	7	22	48	0	0	78	62	0	0	21	20
chr9	36487953	36488541	3	2	102	116	0	0	60	83	12	9	0	4	66	101	10	0	30	90	15	20
chr9	133416412	133417384	6	6	22	111	28	2	8	130	41	8	10	6	34	150	14	0	23	81	26	16
chr9	15073841	15076845	27	103	0	0	12	119	0	0	29	23	12	163	0	2	17	103	0	4	37	21
chr9	114081081	114081529	7	8	39	12	0	2	48	6	30	9	6	2	50	15	10	4	64	8	27	12
chr9	4680235	4680945	6	0	16	62	0	0	32	106	10	12	2	0	22	94	0	0	22	56	2	2
chr9	127557203	127558609	12	4	123	34	24	0	115	24	45	30	6	0	139	26	0	2	145	40	44	28
chr9	112322813	112323206	6	0	24	0	8	0	54	10	4	4	6	0	42	2	10	0	42	7	21	6
chr9	138125995	138126499	31	33	1	0	109	4	0	0	10	11	45	21	0	11	111	10	0	0	15	8
chr9	127564101	127565275	12	0	115	52	4	4	122	56	28	26	8	0	114	29	0	1	115	78	17	10
chr9	128297221	128298025	11	0	114	9	14	0	116	12	20	6	2	10	124	11	32	0	103	4	15	10
chr9	125189101	125190923	84	0	429	900	136	0	434	696	78	62	58	4	360	651	90	0	408	650	78	62
chr9	978301	980184	22	38	0	4	36	66	0	2	21	20	18	72	0	0	8	145	4	0	22	19
chr9	130243152	130243767	60	5	2	42	98	2	4	10	12	12	42	13	0	20	111	4	2	30	15	20
chr9	19001187	19001674	0	30	2	6	0	26	0	2	18	6	4	42	0	4	4	36	0	0	9	6
chr9	135748152	135748867	8	31	0	0	6	67	0	0	21	20	4	48	0	0	0	89	0	0	31	21
chr9	135208889	135215013	18	209	2	12	38	197	16	8	106	61	32	284	0	8	10	327	4	6	100	72
chr9	132200240	132202147	12	162	8	1	29	154	2	0	34	26	45	157	6	14	40	96	4	31	34	26
chr9	26722614	26723528	7	10	0	0	5	39	8	0	1	12	9	54	0	3	10	28	0	4	6	3
chr9	4529539	4529912	5	0	38	12	4	2	64	2	10	6	2	4	49	1	0	0	67	8	6	4
chr9	32724347	32725208	14	27	0	0	0	29	6	0	31	10	0	68	6	0	0	55	6	0	18	2
chr9	41289234	41291192	20	95	0	2	2	44	4	0	11	10	92	336	16	20	26	277	8	0	118	102
chr9	69290202	69290716	6	27	0	0	0	38	0	0	9	2	11	46	0	0	7	11	0	2	11	12
chr9	69103274	69106065	54	4	1000	124	30	7	783	86	58	51	22	0	757	77	8	0	710	46	48	47
chr9	35659112	35659667	10	2	18	26	7	0	6	45	21	20	9	0	4	51	15	0	15	41	33	11
chr9	129822924	129823682	0	3	20	75	0	0	13	66	8	0	10	0	9	64	0	0	2	61	9	10
chr9	134934765	134936892	12	114	4	4	8	191	0	0	65	31	5	173	0	2	4	173	2	2	55	51
chr9	131531381	131531802	2	3	37	86	0	0	22	57	8	2	10	0	28	82	2	0	21	50	14	12
chr9	36320949	36321407	7	0	40	14	0	0	47	6	6	4	0	0	30	8	0	0	75	0	6	7
chr9	138117096	138117670	10	23	0	2	0	23	2	4	37	28	2	60	2	0	9	59	0	0	26	21
chr9	73152895	73153479	6	2	52	165	0	2	48	117	2	0	0	0	39	108	0	0	28	100	2	0
chr9	419024	419496	5	1	37	0	0	0	56	3	17	18	5	3	54	2	0	6	53	4	16	10
chr9	128129935	128130355	34	4	5	15	72	14	0	17	15	9	38	6	14	12	76	15	30	29	13	9
chr9	134964956	134967412	12	130	0	3	4	108	0	8	61	39	20	122	0	8	22	137	0	0	48	48
chr9	15423314	15423920	15	0	38	154	6	0	70	182	0	8	16	0	38	150	12	0	26	129	2	2
chr9	133252580	133255530	83	14	1350	297	48	5	1483	182	134	100	72	15	1212	274	20	0	1203	270	121	80
chr9	75212076	75216316	26	119	6	10	9	140	6	2	44	49	33	214	10	10	26	149	5	2	70	33
chr9	77647817	77649224	32	4	299	351	44	12	297	322	39	31	52	10	311	420	40	18	262	288	47	24
chr9	133632937	133635165	12	61	2	0	11	91	0	8	43	33	13	117	10	0	2	116	0	2	42	34
chr9	126224758	126228479	21	314	12	0	41	266	11	0	106	91	37	327	1	4	42	338	16	0	114	77
chr9	126513743	126519637	18	289	6	4	28	295	2	0	93	35	38	280	8	2	36	290	6	6	75	78
chr9	135224176	135224568	0	4	0	0	0	8	0	0	0	0	14	70	0	0	4	55	6	1	67	31
chr9	109118593	109120790	34	0	374	769	36	6	293	661	90	68	28	0	372	619	10	0	317	495	66	42
chr9	126220333	126221706	4	54	0	4	6	35	0	0	22	8	8	79	0	5	8	46	0	2	13	13
chr9	69671558	69673064	50	96	16	334	99	43	2	284	48	38	56	92	26	304	70	72	24	388	51	40
chr9	214708	216086	50	20	336	385	130	6	286	268	44	32	66	5	369	398	82	0	298	269	34	40
chr9	19048611	19049428	80	0	322	360	234	2	283	254	92	75	148	2	347	292	176	0	266	294	113	94
chr9	127022831	127023390	8	2	59	13	0	0	73	8	5	0	4	0	51	7	4	0	92	2	6	2
chr9	132157398	132157770	3	14	0	0	14	41	4	0	16	8	4	59	2	4	0	42	2	0	24	16
chr9	19208092	19208514	6	0	77	5	2	0	33	8	12	2	2	0	73	5	0	0	50	0	4	4
chr9	133273475	133276421	78	24	1797	1343	66	3	1854	1314	134	62	115	14	1453	1187	68	4	1482	1069	120	86
chr9	128455217	128456028	1	2	59	252	6	0	64	170	40	30	4	0	16	216	0	0	16	182	46	36
chr9	72292264	72293997	66	0	215	52	122	0	158	44	52	58	96	0	157	70	258	6	122	41	60	55
chr9	36781268	36781642	5	6	29	8	0	4	46	5	19	10	12	11	36	2	4	4	59	21	13	11
chr9	129460408	129461211	10	0	623	227	20	0	491	158	24	18	10	0	515	171	16	4	457	122	18	18
chr9	70259840	70261121	2	2	30	230	4	0	46	175	22	20	2	2	59	157	6	0	36	154	26	12
chr9	109330948	109332280	9	6	170	3	4	2	135	22	19	30	14	0	147	13	4	0	162	15	20	25
chr9	127074969	127075823	26	0	211	12	20	0	176	10	10	15	10	10	213	15	38	0	166	14	17	21
chr9	129607330	129608904	28	0	161	40	38	0	140	18	34	36	34	0	151	56	42	0	167	30	38	24
chr9	33819220	33820190	6	0	75	160	4	8	55	123	18	2	12	0	31	122	4	0	62	137	0	10
chr9	35079698	35080650	22	0	89	215	18	0	70	131	48	42	13	2	60	234	10	0	42	160	84	56
chr9	33472751	33473543	8	0	36	79	0	2	36	114	12	8	8	0	30	91	2	0	32	99	8	10
chr9	113387158	113388016	6	0	110	18	0	0	64	7	24	22	2	0	132	5	4	0	71	4	38	20
chr9	72128755	72130893	36	6	409	51	18	0	495	16	33	40	8	0	410	50	32	2	430	16	23	41
chr9	37079514	37079965	7	0	80	163	10	0	56	96	43	25	12	0	64	120	0	0	72	133	49	28
chr9	131762260	131762822	93	11	4	7	210	2	0	20	20	4	86	12	0	20	179	16	2	30	10	17
chr9	109319745	109320377	6	4	56	98	18	2	72	86	10	16	10	4	97	97	8	0	66	88	14	10
chr9	77588145	77589112	4	0	293	54	2	0	202	26	16	16	8	2	249	10	0	0	235	6	14	8
chr9	134065457	134065989	8	6	64	70	5	0	48	49	20	20	15	5	51	93	0	0	53	57	20	16
chr9	114974936	114979708	37	281	0	6	13	197	0	2	37	49	32	271	5	10	28	211	2	0	42	45
chr9	129549779	129550484	8	4	21	107	19	2	36	148	10	2	14	4	56	124	15	8	22	117	10	8
chr9	38068641	38069244	12	0	255	233	44	0	310	184	34	20	16	0	271	254	12	4	204	196	38	24
chr9	133612334	133613335	0	30	0	0	0	53	0	0	8	15	8	46	0	0	12	41	0	0	25	10
chr9	127560203	127562075	18	0	267	47	33	8	324	57	76	62	8	4	368	87	6	2	303	35	90	51
chr9	128097761	128098251	16	12	109	52	7	0	130	19	57	59	18	0	129	66	34	0	139	38	67	82
chr9	35689939	35690935	6	8	74	220	10	2	84	168	14	20	9	6	54	186	0	6	71	206	18	14
chr9	36258526	36259126	10	2	163	122	0	0	150	117	14	10	10	0	154	93	0	0	211	64	18	29
chr9	130444787	130445722	20	33	141	267	2	2	110	213	14	6	10	18	174	231	2	6	89	194	14	8
chr9	126122664	126123514	6	39	0	4	0	84	8	0	41	22	4	93	0	6	4	102	0	4	24	30
chr9	122947334	122947727	7	0	61	24	8	0	45	16	0	2	0	0	50	25	12	0	54	22	0	4
chr9	121640019	121640376	32	0	34	2	164	0	25	0	18	12	80	0	33	6	119	0	19	10	31	26
chr9	35646888	35647593	38	0	48	199	44	4	38	162	22	28	44	6	63	151	94	0	48	191	25	26
chr9	127424646	127425716	12	0	28	109	8	0	54	145	18	12	10	0	20	158	11	0	32	119	8	7
chr9	69192908	69193365	27	0	49	24	34	0	14	3	4	10	22	0	50	14	24	0	66	10	2	6
chr9	125241549	125242237	16	0	471	377	0	4	400	346	30	29	9	0	400	403	10	2	322	222	39	54
chr9	132770335	132770870	4	0	38	52	0	0	74	46	7	8	13	2	40	51	0	7	42	71	10	8
chr9	127802842	127804525	34	0	277	337	28	0	204	273	54	68	22	4	288	283	10	0	230	306	36	44
chr9	109100684	109101438	7	0	139	21	2	0	186	18	11	0	6	2	122	6	2	0	168	26	2	4
chr9	113339771	113340363	11	0	84	300	4	0	94	289	20	22	11	0	114	261	22	0	80	227	22	16
chr9	133639168	133641237	10	170	0	4	4	99	0	0	85	40	14	162	6	4	12	180	0	0	63	27
chr9	132425467	132426133	0	33	4	0	8	37	0	0	0	10	3	39	0	10	2	54	0	0	9	9
chr9	124045096	124046167	8	55	0	20	0	49	4	31	26	13	4	97	0	44	6	75	4	26	23	6
chr9	112334030	112334820	5	0	254	122	7	0	180	85	8	10	10	0	256	90	4	0	158	86	10	14
chr9	132241374	132248659	52	512	8	223	94	437	10	210	140	119	101	627	27	270	160	612	12	331	132	136
chr9	135787029	135789616	13	71	0	2	2	92	14	0	72	57	15	158	0	8	4	121	4	2	65	43
chr9	129333186	129333639	0	0	28	0	0	0	35	1	5	3	1	0	31	0	0	0	36	0	6	2
chr9	133459768	133461233	12	4	628	532	9	0	616	426	64	48	20	5	613	545	12	3	432	356	66	77
chr9	69036253	69036897	2	0	40	88	2	2	23	41	3	6	4	6	3	61	14	0	10	82	12	8
chr9	72149332	72150911	22	10	593	709	34	4	614	525	72	60	22	0	577	649	22	12	415	616	53	42
chr9	15305518	15306125	4	0	161	196	8	0	177	107	0	16	0	0	134	135	0	0	108	153	6	7
chr9	134068185	134069284	30	4	384	465	6	5	406	442	68	30	40	27	338	554	44	44	316	457	46	40
chr9	130045379	130046245	10	0	155	11	0	0	98	20	16	5	8	10	125	27	6	4	110	32	4	6
chr9	128456783	128457399	4	0	0	70	2	0	18	70	20	12	12	0	3	53	3	4	0	84	0	6
chr9	32523659	32526446	44	6	814	987	30	0	730	624	100	73	25	4	688	805	29	8	686	713	102	71
chr9	69758392	69760109	10	0	170	553	12	0	138	396	82	77	14	20	182	596	12	7	124	325	117	70
chr9	34611116	34612213	24	14	242	286	2	4	206	255	34	32	16	0	180	349	6	8	145	279	26	23
chr9	72574113	72574527	7	6	65	12	0	4	99	4	13	6	10	0	94	0	0	0	93	2	5	3
chr9	104093197	104095488	59	2	1079	1497	35	0	1007	1174	236	216	49	4	1091	1337	39	0	768	953	244	238
chr9	33271990	33272306	3	0	43	10	12	2	37	4	7	4	0	0	49	7	2	1	65	6	14	14
chr9	127572369	127576643	76	4	3319	256	88	3	2788	172	220	151	100	6	2700	186	34	4	2586	185	170	114
chr9	6247170	6248279	10	8	201	41	6	2	167	16	36	25	26	12	195	49	4	0	176	55	42	25
chr9	129642167	129642684	131	0	48	66	240	0	26	19	28	33	127	0	45	29	338	0	36	22	28	18
chr9	129180674	129181328	8	2	31	3	8	0	84	15	12	4	4	0	78	0	0	0	81	6	6	4
chr9	122130578	122132314	19	71	15	6	10	63	4	4	76	59	24	164	2	10	30	132	8	2	82	61
chr9	126583271	126585089	4	57	0	4	2	60	0	0	20	18	6	71	4	4	2	89	0	2	17	24
chr9	36257340	36258041	8	2	51	42	6	2	80	44	4	4	6	0	57	53	6	4	56	74	2	0
chr9	33654070	33656035	2	96	0	1	4	109	8	0	18	19	18	135	0	1	4	83	2	0	34	30
chr9	109497636	109498112	4	0	106	72	0	0	99	32	23	16	0	2	86	52	12	0	96	78	8	12
chr9	109556452	109556951	1	0	35	1	2	6	28	8	9	9	8	3	43	3	0	5	32	12	16	3
chr9	6680458	6680964	2	0	100	66	0	1	56	46	11	8	4	0	48	98	0	0	46	63	9	12
chr9	126524698	126525334	3	47	0	3	2	61	0	0	23	9	0	54	0	0	1	82	4	4	28	18
chr9	16625028	16628508	3	95	0	0	6	92	0	2	28	31	4	121	8	12	2	111	0	0	16	24
chr9	6756725	6758917	16	2	432	779	22	0	400	489	144	122	32	0	551	689	18	4	351	438	120	140
chr9	4678307	4679551	22	4	522	477	36	0	454	277	26	25	20	0	578	409	38	0	440	226	30	22
chr9	127022012	127022490	10	0	37	2	6	0	35	0	6	6	4	0	39	2	16	0	46	0	2	0
chr9	107465923	107466610	12	30	22	100	6	11	10	65	18	14	30	8	32	96	36	16	18	102	29	14
chr9	4984280	4984775	6	0	171	229	8	2	116	144	20	10	10	0	131	173	7	0	136	191	26	31
chr9	36190509	36194488	66	10	907	1274	70	19	739	1112	158	157	61	16	936	1446	49	24	686	1164	168	132
chr9	15295461	15297119	12	4	263	121	14	1	251	84	44	49	29	2	238	160	26	0	278	102	55	37
chr9	126326114	126326621	2	0	30	22	12	0	8	40	9	12	10	5	27	53	2	0	26	29	11	11
chr9	1021436	1026049	38	237	2	10	14	178	4	11	111	79	34	269	0	2	42	305	0	2	104	86
chr9	4792055	4794158	34	4	201	715	10	4	212	569	66	60	26	0	202	727	20	6	184	527	56	46
chr9	108031518	108033091	50	5	447	48	24	8	411	25	74	65	36	4	539	36	47	0	410	72	63	58
chr9	120869110	120869688	16	0	25	106	58	0	33	93	18	28	32	0	37	123	70	0	34	109	23	14
chr9	130681638	130682315	8	0	52	163	6	0	20	126	10	12	12	4	18	149	16	2	46	146	17	7
chr9	35747266	35748418	6	4	38	135	0	0	18	162	8	8	2	2	25	127	12	0	20	154	14	2
chr9	113385224	113386718	10	4	144	22	10	0	172	10	16	20	20	0	202	10	0	0	165	12	26	12
chr9	112119198	112120306	16	0	191	31	0	0	186	40	78	44	8	0	232	66	8	0	195	29	65	44
chr9	35070390	35071510	4	0	23	307	2	0	46	276	22	20	4	2	75	215	6	0	34	254	10	4
chr9	6787918	6788232	2	4	47	22	0	0	59	32	1	6	4	0	55	32	4	0	45	37	12	17
chr9	125199851	125201129	18	0	301	691	26	0	324	482	92	84	22	0	370	667	10	2	267	432	36	56
chr9	114806181	114807258	12	0	328	77	16	0	252	66	32	38	18	0	314	103	6	0	286	73	42	32
chr9	1888738	1890840	4	38	0	2	11	43	2	0	22	17	4	100	0	0	4	61	2	2	19	26
chr9	26891014	26892500	12	0	161	312	14	0	181	267	12	6	8	0	186	352	10	8	168	181	4	6
chr9	37663468	37667034	20	130	0	8	10	141	4	3	32	37	25	206	0	7	16	190	2	0	38	33
chr9	133147668	133148496	47	0	205	130	62	2	192	148	20	34	60	0	241	225	80	0	181	120	20	18
chr9	128504672	128505393	8	0	238	238	16	0	178	180	32	26	4	6	217	299	0	0	170	159	22	26
chr9	133935386	133936078	0	2	87	9	10	0	66	6	8	18	6	0	71	10	50	2	82	4	26	14
chr9	113221694	113223311	10	0	136	434	20	0	148	308	31	32	22	2	147	418	4	0	113	319	32	47
chr9	35664377	35665834	22	2	266	267	14	4	205	180	48	36	16	0	239	301	7	2	219	220	52	42
chr9	125261163	125262606	36	10	433	679	88	0	451	596	72	86	50	0	514	720	50	0	476	570	104	76
chr9	70258491	70259383	10	0	106	88	16	0	65	40	66	38	20	0	142	134	2	0	94	36	24	34
chr9	134645356	134648998	30	155	6	7	4	110	0	2	88	76	4	170	8	0	56	200	6	0	104	86
chr9	126939341	126939910	15	2	129	9	8	5	145	15	19	10	7	0	130	41	12	0	148	49	23	17
chr9	34048245	34048996	18	0	234	349	6	0	238	246	15	8	16	0	255	333	5	0	236	204	12	14
chr9	6681339	6683041	51	4	794	506	22	0	502	363	129	152	30	0	799	528	16	2	556	398	128	146
chr9	122913996	122914515	0	0	25	73	8	0	21	27	8	7	2	0	46	53	0	0	26	48	5	2
chr9	132668947	132669667	7	0	45	70	1	0	15	57	8	6	9	0	47	86	11	0	17	58	8	16
chr9	37465977	37467004	12	6	201	282	4	0	162	228	49	30	18	4	181	279	2	0	148	277	40	24
chr9	5826066	5826427	12	0	40	21	14	2	32	4	8	0	8	0	42	26	4	0	31	35	4	5
chr9	130694504	130695089	4	0	7	27	12	4	17	51	7	2	2	0	0	43	20	0	18	53	2	2
chr9	40991068	40993463	37	4	402	595	16	16	338	563	141	110	30	15	324	714	40	10	335	729	148	156
chr9	134133967	134135758	13	4	151	302	8	0	187	231	65	42	20	2	153	320	7	2	170	281	48	46
chr9	112167497	112170016	30	8	675	78	18	0	637	22	70	56	34	14	751	84	26	4	637	72	40	48
chr9	108092959	108093742	0	0	38	2	0	0	34	0	2	2	8	2	41	0	0	0	34	0	4	0
chr9	122464774	122465246	10	0	0	57	51	4	4	85	8	6	30	2	6	88	30	0	18	76	4	9
chr9	133133468	133135439	36	0	1156	86	12	0	1069	93	109	78	32	2	1110	143	26	0	1020	76	96	72
chr9	121687252	121688024	2	0	132	6	21	0	121	6	22	10	4	2	171	9	12	0	105	30	22	17
chr9	5879848	5880555	4	1	50	0	2	0	99	12	20	14	4	0	84	12	8	0	96	6	28	7
chr9	133012058	133016705	27	228	2	4	12	266	18	6	99	57	23	396	20	22	42	330	8	6	107	70
chr9	130287897	130288413	0	21	0	0	0	49	0	4	18	15	10	62	1	5	6	44	0	0	18	20
chr9	114610672	114612311	30	6	135	212	18	1	96	312	28	44	18	4	121	315	26	4	122	335	54	34
chr9	35095645	35096854	116	2	330	334	157	0	148	133	47	32	116	0	293	249	291	0	235	230	75	43
chr9	134163831	134165426	34	4	745	452	28	0	520	252	113	100	23	0	725	533	20	4	572	314	102	96
chr9	126914955	126915899	10	10	220	398	8	0	190	342	30	14	8	4	219	397	16	4	259	342	42	40
chr9	76392654	76394504	98	4	391	852	128	2	519	742	103	100	60	10	505	1035	78	2	479	798	92	83
chr9	108691277	108691665	2	2	65	8	3	0	42	10	14	8	0	8	73	5	4	4	89	7	14	5
chr9	5844003	5844786	12	0	299	25	0	0	304	20	0	11	1	0	309	16	6	2	292	6	10	7
chr9	32384490	32385247	12	2	69	258	4	0	54	211	30	22	8	0	58	263	10	0	28	258	30	28
chr9	134385294	134385939	4	9	38	5	0	0	36	6	38	20	0	0	39	4	0	0	91	11	26	19
chr9	15350332	15350577	12	1	34	9	1	0	32	2	25	16	0	2	61	11	6	0	52	4	16	21
chr9	114588036	114589772	8	0	134	294	0	0	103	292	18	9	8	0	126	282	0	0	88	283	22	14
chr9	38651862	38654856	18	110	0	12	9	123	20	12	61	26	34	228	0	2	18	198	0	0	73	52
chr9	34636239	34637336	20	0	41	197	4	0	56	136	14	20	4	0	67	176	2	6	42	188	16	18
chr9	126862560	126863168	0	4	43	56	14	0	41	57	8	2	2	0	38	104	0	0	53	44	8	2
chr9	128113869	128115425	20	2	1274	219	18	4	1073	123	61	46	42	0	1216	185	56	0	1106	143	56	36
chr9	134066325	134067743	40	4	628	990	4	8	714	920	69	62	18	6	620	954	20	2	708	933	85	73
chr9	114885073	114885585	14	2	104	38	0	0	124	47	4	8	0	24	149	54	8	0	127	32	10	2
chr9	122213575	122214165	16	5	10	88	4	8	0	45	16	12	0	22	1	98	10	9	2	74	2	11
chr9	116686670	116688440	28	1	244	345	16	0	165	365	68	40	16	2	242	493	2	0	128	331	66	42
chr9	35426900	35427203	6	3	29	2	1	0	37	1	6	4	9	2	41	13	0	2	28	8	7	6
chr9	132162284	132164917	20	274	0	64	6	197	0	88	26	18	13	240	0	114	20	207	4	143	46	22
chr9	33609801	33615839	75	354	0	10	30	270	24	3	169	116	51	596	6	21	64	522	10	12	132	105
chr9	38392016	38393527	38	28	64	577	84	6	142	568	104	64	48	18	104	796	44	4	132	673	82	54
chr9	15352674	15354450	22	0	322	24	2	4	266	24	34	16	8	2	353	39	12	2	271	42	16	22
chr9	72364456	72365297	30	0	545	254	46	2	444	150	40	26	26	0	696	198	14	2	490	192	51	35
chr9	33162791	33164000	6	0	187	147	0	0	280	116	22	16	8	0	269	121	4	0	323	86	18	24
chr9	116547704	116548426	12	0	31	4	8	14	39	26	41	29	4	11	104	12	28	1	89	12	33	32
chr9	36407015	36407720	50	0	30	2	72	0	9	0	13	23	66	5	12	0	122	4	15	0	13	13
chr9	71737962	71745431	128	30	3493	569	78	2	2925	339	280	176	107	14	3417	675	90	10	3128	579	205	204
chr9	126363935	126364348	5	0	20	7	0	0	22	2	16	20	8	0	37	5	0	2	52	2	14	11
chr9	35669666	35670188	2	4	72	12	16	2	42	6	17	6	9	0	78	6	8	1	80	24	14	16
chr9	37036351	37038614	16	85	36	156	6	53	16	96	25	30	12	123	21	185	24	68	38	218	45	28
chr9	127565667	127571970	127	8	4294	1760	120	8	3741	1484	262	192	122	12	3801	2003	152	0	3632	1632	246	216
chr9	71726323	71727395	9	2	36	28	2	0	73	6	18	19	13	0	88	24	7	0	74	11	18	23
chr9	108056361	108056821	2	0	109	13	2	0	94	0	0	6	4	2	106	8	6	0	118	2	3	6
chr9	6715196	6717929	22	12	376	481	24	4	221	367	38	36	62	12	385	519	38	26	288	510	112	76
chr9	125272932	125273539	7	1	205	74	0	0	114	36	8	14	10	0	205	53	6	0	194	34	6	2
chr9	122912266	122913715	12	0	267	485	8	2	160	318	68	44	24	0	345	426	14	0	182	378	62	48
chr9	109102449	109103324	13	0	231	26	0	4	238	10	13	4	14	5	244	8	3	0	278	22	24	6
chr9	19376148	19376699	2	0	65	55	0	0	61	64	12	3	0	0	56	68	0	0	88	69	12	0
chr9	6135061	6135743	14	2	79	22	0	0	196	8	25	10	9	4	190	4	2	0	165	14	12	17
chr9	128126587	128129200	34	16	803	644	30	2	674	496	87	55	34	16	886	702	36	10	760	640	70	42
chr9	19407796	19408736	0	4	223	187	4	0	166	123	6	6	6	0	260	162	6	0	200	114	10	8
chr9	125143807	125144163	14	0	10	64	32	0	36	51	3	9	15	0	34	96	50	0	34	47	15	9
chr9	112916142	112917659	6	12	242	32	0	2	199	29	28	13	14	8	304	34	6	0	253	14	27	6
chr9	128370731	128371341	6	0	230	225	28	2	189	178	22	12	4	6	195	283	6	0	200	231	18	14
chr9	5827895	5828930	2	2	68	57	14	0	84	41	25	16	18	0	121	78	20	0	108	31	18	15
chr9	75088431	75088882	8	0	100	90	0	0	138	45	55	71	2	0	199	93	6	0	124	66	82	60
chr9	133355521	133356842	18	6	153	447	52	2	162	381	36	34	27	0	240	505	30	0	198	405	42	22
chr9	35114222	35115044	6	0	140	125	5	0	153	88	26	15	30	0	164	131	6	0	166	116	20	10
chr9	6302961	6303452	6	6	50	2	6	2	53	0	10	4	19	6	65	8	4	0	56	4	2	6
chr9	128276390	128277461	2	0	54	226	6	0	40	126	14	14	14	2	38	190	4	0	68	186	16	14
chr9	33764390	33764778	0	0	1	0	0	0	0	0	0	0	3	0	39	0	2	0	44	0	0	6
chr9	122263709	122265324	18	8	375	780	26	2	292	593	46	54	24	0	545	772	2	2	350	539	82	66
chr9	37119532	37121607	31	6	234	450	14	0	226	300	68	62	34	0	289	564	4	0	228	335	81	34
chr9	19229487	19232842	43	6	1334	1073	36	6	1111	862	156	102	72	4	1316	1357	46	10	1199	964	186	136
chr9	107750301	107750780	10	0	42	1	0	0	30	0	6	6	4	0	56	4	2	2	52	2	8	2
chr9	134375538	134381283	99	24	2980	347	127	6	3246	314	321	226	154	14	3241	380	86	12	3857	494	292	208
chr9	129202929	129203717	12	8	64	95	4	1	38	85	2	3	15	0	8	129	0	0	62	116	12	6
chr9	108057555	108060043	28	2	462	58	27	0	416	38	35	32	27	10	588	49	8	0	516	40	30	29
chr9	76314003	76314293	0	4	45	5	0	0	40	8	5	4	2	4	55	11	9	2	50	13	4	6
chr9	107486835	107487710	12	2	226	276	2	0	180	360	22	14	4	2	245	259	22	0	240	357	22	8
chr9	110254294	110256628	32	4	465	755	24	4	373	664	60	46	40	6	533	727	14	2	522	753	66	41
chr9	112378528	112379941	26	4	277	424	18	0	264	390	42	22	18	2	384	494	12	0	314	372	62	53
chr9	33023793	33026929	50	8	943	1628	82	0	821	1490	128	116	50	6	998	1711	10	0	949	1502	176	192
chr9	122940938	122941368	5	2	82	69	12	0	41	15	6	6	2	2	98	90	2	0	44	29	2	6
chr9	2017794	2018568	2	11	17	147	4	4	40	101	8	16	4	8	33	127	0	0	50	162	12	10
chr9	36328294	36328891	7	0	82	13	14	0	77	12	4	12	12	0	95	20	2	0	130	7	6	2
chr9	4985139	4986133	16	2	270	446	14	0	262	335	42	38	29	4	279	458	10	0	308	421	20	38
chr9	133374245	133376121	14	0	451	274	2	4	347	254	34	22	22	0	438	279	8	7	396	334	29	22
chr9	33000269	33002342	17	0	202	657	3	3	144	627	128	96	40	2	223	769	14	12	210	628	166	100
chr9	122931773	122932718	0	0	72	132	2	0	70	177	9	9	0	6	50	187	0	0	41	188	8	4
chr9	35730885	35731418	16	2	48	28	0	0	22	28	6	2	2	0	52	43	4	0	36	45	8	7
chr9	133143891	133144998	160	2	104	76	326	0	49	50	25	19	214	4	225	45	358	0	178	26	32	14
chr9	75086588	75087871	4	8	204	420	14	2	138	320	32	24	12	8	265	470	7	2	228	309	44	25
chr9	133329219	133329617	33	1	16	9	43	7	7	1	28	12	44	3	8	0	108	2	28	0	21	19
chr9	134356125	134357002	12	0	492	41	0	0	534	48	10	16	8	0	517	49	8	0	518	76	24	10
chr9	127450069	127451431	50	0	873	1130	22	2	850	980	69	49	50	2	888	1032	40	0	878	1123	83	36
chr9	130054981	130055428	2	0	11	22	0	0	12	3	2	4	0	2	4	27	12	0	2	16	2	2
chr9	21249778	21250347	1	28	6	0	2	11	0	0	3	13	5	55	3	0	2	34	1	0	4	10
chr9	134136199	134136988	7	0	179	204	10	0	99	212	8	8	3	0	89	251	0	2	188	230	18	4
chr9	1050408	1050914	0	7	0	4	4	9	0	0	10	5	5	23	14	76	12	10	2	58	22	20
chr9	15351338	15351922	4	6	53	3	0	0	76	14	16	8	8	2	84	2	0	0	109	2	2	8
chr9	135182180	135183931	16	31	0	0	8	63	4	0	15	21	6	70	0	2	24	90	0	0	38	49
chr9	33621207	33623409	18	54	0	8	10	54	14	7	38	12	8	127	0	16	27	155	6	5	34	21
chr9	129319990	129320797	1	0	85	51	8	0	50	12	18	18	12	4	102	52	14	1	98	28	8	24
chr9	36068752	36070363	10	51	2	0	0	41	0	9	18	10	6	91	0	1	22	74	4	5	21	7
chr9	121973268	121974180	2	0	26	0	0	0	14	2	0	0	11	8	186	16	1	0	189	26	10	8
chr9	114953364	114954350	3	23	0	0	0	16	6	0	9	7	3	52	0	2	0	43	2	0	14	6
chr9	107598221	107599234	10	6	104	4	8	2	102	6	26	28	12	4	143	1	32	6	163	12	27	29
chr9	26956278	26957057	8	4	70	236	0	0	82	191	26	18	2	2	70	246	4	0	94	262	28	14
chr9	112324534	112326486	32	12	409	74	8	4	360	100	44	18	26	8	430	157	2	4	480	161	42	35
chr9	112332305	112333136	4	0	147	302	18	2	79	238	6	9	0	2	144	302	6	0	142	276	4	12
chr9	114510083	114510967	4	25	4	1	2	42	0	0	9	16	2	63	0	0	14	53	5	4	16	20
chr9	35103315	35103837	12	0	15	21	0	0	0	30	9	8	1	0	16	67	0	0	7	24	13	10
chr9	37590840	37592658	8	10	272	564	20	0	252	528	51	28	19	2	359	705	20	4	294	566	58	30
chr9	109012269	109014064	19	2	328	765	16	2	375	541	55	65	28	10	526	921	42	0	332	596	99	95
chr9	36273580	36276637	8	2	887	374	6	0	766	335	28	14	22	0	789	421	0	2	804	420	14	20
chr9	26946105	26947646	11	0	591	615	4	4	484	493	40	32	32	0	578	665	14	0	534	612	30	16
chr9	5829601	5830701	2	4	158	150	8	2	164	142	14	12	12	2	214	213	2	0	156	156	12	6
chr9	1018882	1019645	1	53	0	0	0	35	0	0	19	18	6	58	0	12	26	35	0	0	25	19
chr9	75890256	75891118	14	63	2	124	29	36	4	124	74	48	7	66	6	229	40	24	2	199	76	63
chr9	21255047	21258647	25	59	2	0	18	54	0	0	63	68	20	145	8	13	0	191	8	12	57	53
chr9	69121353	69122344	14	0	911	424	8	0	858	218	28	24	12	0	965	404	2	2	968	292	28	16
chr9	109498325	109499341	2	12	111	215	0	3	134	157	24	16	12	2	143	241	0	6	141	232	28	18
chr9	68492650	68493520	2	25	0	0	0	32	0	2	19	9	4	69	0	0	0	46	0	0	4	15
chr9	124153162	124154855	4	48	2	2	6	24	0	0	15	14	8	53	0	0	28	49	0	4	9	2
chr9	124034790	124035820	8	35	0	0	0	53	0	2	13	4	15	62	0	1	2	63	0	1	18	31
chr9	124029785	124030295	3	22	0	2	0	28	0	2	8	8	2	46	6	8	8	43	1	0	12	14
chr9	121739118	121740101	0	0	67	74	4	0	24	112	12	10	4	2	69	114	0	0	74	114	8	12
chr9	1571070	1572633	4	84	2	7	4	69	8	2	22	19	22	66	0	2	15	75	32	2	35	13
chr9	126718718	126720490	2	56	0	0	6	70	4	0	16	9	4	111	0	6	5	109	4	0	19	2
chr9	25676707	25679207	34	14	982	1088	16	0	872	821	180	131	105	10	1187	1494	60	0	856	1067	226	185
chr9	37611657	37612282	22	5	61	6	4	16	54	10	31	23	15	0	119	30	12	12	114	24	23	33
chr9	112170538	112172475	10	6	550	38	8	0	489	40	26	22	16	1	618	31	0	0	697	26	14	22
chr9	21026219	21027685	12	62	0	14	4	39	0	2	28	25	14	135	0	6	6	110	0	16	34	23
chr9	5820731	5821156	18	0	18	2	0	0	57	0	7	2	3	0	45	16	10	0	60	8	10	4
chr9	109316671	109317032	2	0	45	13	0	0	36	8	2	2	2	0	27	24	2	0	68	19	6	7
chr9	68705420	68706367	28	0	88	205	18	0	76	155	26	10	2	0	101	270	44	0	91	224	8	4
chr9	130537355	130538397	0	68	0	0	0	79	0	2	16	22	12	117	0	2	10	87	4	12	33	21
chr9	131049581	131053726	44	189	4	0	132	181	2	5	85	54	79	263	0	14	251	229	6	2	73	75
chr9	135412560	135412848	34	8	0	12	102	2	11	4	2	4	55	8	1	8	148	2	2	14	6	2
chr9	79569397	79570755	10	39	0	19	0	34	8	14	14	12	9	112	6	46	10	59	4	17	15	19
chr9	4739336	4742052	30	0	782	1275	37	4	768	966	106	54	35	2	1082	1474	34	2	1091	1096	112	106
chr9	129496130	129497598	13	0	508	225	14	2	534	239	26	34	28	0	682	313	14	0	682	287	24	24
chr9	132973806	132975198	9	20	1	2	19	71	3	5	34	33	13	145	0	2	18	134	8	0	23	32
chr9	36400982	36401568	4	0	42	48	2	0	6	14	11	14	6	0	35	54	15	0	42	38	40	20
chr9	138163946	138165629	2	7	0	0	0	10	0	2	7	3	17	67	0	5	32	54	4	6	15	16
chr9	127786774	127787403	10	0	3	58	16	0	4	43	4	7	0	2	18	84	40	0	2	60	4	2
chr9	126577285	126579414	15	71	2	4	6	99	2	12	44	42	26	188	2	0	36	168	0	4	38	56
chr9	127555197	127556090	4	0	52	6	0	0	41	2	12	12	11	2	71	24	0	0	49	19	15	19
chr9	981383	982051	6	47	0	0	3	44	0	0	23	14	14	110	0	2	2	71	0	0	21	19
chr9	135782606	135783384	8	11	0	0	0	34	0	0	19	9	0	72	0	2	1	51	2	6	26	12
chr9	109401580	109401863	31	1	4	0	56	0	14	0	9	11	48	0	13	0	111	1	2	0	8	6
chr9	34179621	34180578	4	0	74	211	8	0	46	122	26	8	6	7	118	271	4	0	90	187	12	21
chr9	122127008	122128103	9	23	0	0	14	2	0	6	24	16	15	87	0	8	12	43	0	14	32	11
chr9	123998456	123998827	0	0	0	0	0	0	0	0	0	0	0	44	0	1	0	44	0	10	4	0
chr9	111897782	111899496	0	6	5	41	2	0	10	51	4	1	6	2	151	434	8	0	172	333	29	36
chr9	111965864	111966197	2	2	6	2	0	0	9	0	2	3	26	1	64	4	2	0	55	4	7	8
chr9	128077253	128078782	10	2	274	30	8	0	201	20	18	18	6	10	369	61	4	0	333	58	24	26
chr9	72361041	72364028	34	6	223	604	8	8	172	472	20	22	14	4	313	897	0	0	373	619	30	26
chr9	107751217	107752666	18	0	170	18	8	0	125	10	34	36	28	2	360	18	2	0	188	16	58	40
chr9	68420724	68421162	0	14	4	0	1	19	1	0	21	6	2	53	0	0	0	43	0	0	25	18
chr9	111661060	111662872	10	3	94	480	5	7	53	332	54	34	58	14	141	619	22	8	165	610	62	63
chr9	69476779	69478245	14	0	323	143	30	0	282	158	27	46	60	34	1295	602	52	6	908	421	166	86
chr9	5800555	5801383	4	0	51	13	6	0	37	9	11	10	10	0	105	9	10	0	96	7	18	8
chr9	126521829	126522385	2	35	0	2	0	50	0	0	24	13	2	87	0	2	7	97	0	1	25	14
chr9	126710955	126717102	12	180	2	8	16	230	10	0	45	43	42	466	0	9	30	318	8	12	70	43
chr9	36729029	36729330	8	0	0	0	24	12	0	0	4	0	29	1	0	1	45	0	2	0	4	2
chr9	21274045	21277692	8	74	0	1	14	47	6	0	34	32	20	203	8	6	14	121	2	2	26	24
chr9	135241487	135245255	6	56	0	0	6	125	0	0	52	52	9	154	0	12	54	200	14	4	58	42
chr9	34627524	34631362	7	83	12	20	26	40	4	34	49	19	19	156	34	100	12	129	20	81	41	38
chr9	135779819	135781514	7	57	0	4	12	68	0	4	107	53	14	185	0	8	44	198	0	6	102	57
chr9	131765465	131766671	6	46	0	0	8	52	4	0	34	22	12	143	0	2	10	123	12	0	41	23
chr9	22662360	22664305	6	43	0	0	0	36	0	0	59	39	3	115	4	6	2	159	8	4	33	20
chr9	21241291	21242168	4	36	0	1	8	13	4	0	8	13	8	81	0	2	2	80	0	4	23	6
chr9	111891375	111892886	27	0	296	56	9	0	226	22	62	48	26	3	600	93	14	0	430	60	60	58
chr9	108933099	108935405	30	4	150	507	34	0	82	354	58	57	70	12	243	840	18	2	264	739	124	104
chr9	71734333	71735157	24	0	25	2	11	0	30	0	12	4	22	9	240	70	38	3	233	29	47	30
chr9	37594702	37595127	5	8	22	28	4	2	25	31	4	2	4	0	40	69	24	0	24	67	2	1
chr9	38781460	38782202	0	6	0	0	0	6	0	0	2	0	12	58	0	4	11	26	4	0	17	12
chr9	124146653	124147251	0	11	1	2	0	11	0	0	15	7	0	46	0	6	4	37	0	2	13	6
chr9	137604644	137605321	8	0	50	60	2	0	6	57	6	14	4	2	66	113	10	6	50	130	18	6
chr9	38815206	38815786	0	6	0	0	0	8	0	0	4	3	19	51	0	0	4	58	0	0	40	17
chr9	35905397	35906060	1	0	72	13	4	0	79	6	16	6	16	6	140	34	0	0	153	25	12	15
chr9	4299179	4300105	10	17	14	85	4	59	6	60	24	16	9	96	18	184	0	72	46	161	24	43
chr9	33130644	33132566	1	0	77	5	4	0	84	4	12	12	34	18	480	58	40	2	449	72	52	41
chr9	71763953	71769563	56	6	1012	1128	14	2	971	987	112	76	216	20	1823	2524	276	15	1628	2114	196	156
chr9	21030567	21032025	18	7	0	0	3	30	4	8	26	14	7	98	4	27	12	75	6	18	28	22
chr9	69506014	69507261	0	2	59	30	0	0	76	17	13	16	57	11	1089	514	48	3	678	292	150	112
chr9	17535547	17537128	0	33	0	0	4	13	0	0	20	22	14	81	0	0	10	86	0	0	27	15
chr9	21300705	21304855	31	73	2	4	2	54	0	2	47	9	18	270	0	7	10	211	14	4	34	23
chr9	19125230	19129002	14	10	108	136	6	4	59	162	60	37	75	2	940	972	26	4	687	691	80	45
chr9	134382886	134383633	3	0	5	2	2	0	20	5	16	4	6	2	107	32	6	2	88	31	19	27
chr9	21306228	21307844	0	20	0	0	2	24	8	0	10	6	13	75	0	0	8	83	0	2	12	0
chr9	25602660	25603217	6	0	17	14	2	0	13	2	8	2	7	2	90	47	11	0	70	40	19	20
chr9	110357820	110358296	4	12	20	2	0	10	23	10	13	10	2	2	76	7	10	3	105	10	10	8
chr9	21283492	21285036	4	30	2	1	14	9	4	2	14	16	12	126	4	0	10	97	10	2	20	14
chr9	114271553	114271994	21	1	0	1	23	4	10	2	31	12	39	7	12	5	127	0	0	1	24	35
chr9	6664100	6666410	41	33	51	19	38	27	45	12	71	80	38	24	398	58	33	3	324	38	109	66
chr9	71737003	71737572	10	0	64	16	2	4	36	2	12	0	18	0	130	41	16	1	115	35	11	6
chr9	21310499	21311844	9	37	0	0	8	34	0	2	15	0	8	152	0	1	0	135	0	12	23	14
chr9	71735532	71736410	12	2	33	1	6	0	33	2	35	16	14	2	141	18	4	0	106	19	21	20
chr9	113443082	113443592	2	0	81	62	3	1	22	74	8	11	12	2	88	129	0	0	108	83	18	14
chr9	39749556	39750728	0	2	0	0	0	13	1	0	5	2	34	163	6	2	21	111	16	14	99	80
chr9	16726372	16727486	12	9	0	6	4	15	6	0	9	6	11	78	2	30	2	47	1	16	9	12
chr9	706196	707659	18	0	18	66	7	4	30	60	35	18	19	0	82	190	12	6	68	182	38	30
chr9	33027528	33027920	6	0	2	11	8	2	1	15	2	6	10	0	9	36	5	0	8	59	24	10
chr9	131278144	131278713	2	22	3	12	4	14	2	26	10	16	10	6	14	68	0	18	2	111	16	14
chr9	34956913	34958796	8	45	0	0	0	40	0	0	0	0	8	103	16	48	10	89	2	42	14	10
chr9	998398	999031	1	1	0	0	6	1	0	0	2	2	72	12	0	2	234	5	0	0	8	19
chr9	122414293	122414734	4	10	8	13	0	6	10	7	21	19	6	0	20	61	0	0	36	78	8	20
chr9	26893302	26893605	0	2	2	12	1	0	8	5	2	1	9	4	36	19	6	0	8	33	10	5
chr9	613502	614137	153	2	11	5	347	0	12	21	28	27	156	2	18	18	360	0	16	14	36	13
chr9	1009019	1009493	179	1	0	0	378	2	0	0	24	26	197	2	0	2	385	1	0	0	32	28
chr9	1605106	1605539	28	8	0	0	67	19	1	0	10	8	18	17	0	3	59	12	0	0	10	4
chr9	1915959	1916321	0	6	0	38	0	2	0	42	1	6	2	6	1	25	0	3	0	37	6	4
chr9	2843513	2844012	0	0	6	24	0	0	4	14	6	8	0	0	25	99	0	0	10	116	0	0
chr9	4511222	4511518	3	4	42	4	2	2	48	4	12	11	0	1	41	2	0	0	57	6	6	3
chr9	4604392	4604902	62	2	4	6	228	0	10	5	14	14	75	0	0	7	218	2	4	0	12	15
chr9	4759502	4759856	6	8	6	0	84	9	1	1	9	8	12	4	2	0	47	1	0	0	16	6
chr9	5814147	5815106	6	0	233	8	10	0	254	2	6	4	8	0	335	4	0	0	270	16	2	6
chr9	5815617	5817897	16	4	422	25	2	0	338	24	31	32	16	11	640	45	16	4	486	40	36	29
chr9	5840527	5840897	2	0	24	0	0	0	45	3	13	8	1	0	36	0	8	0	65	2	2	3
chr9	6006921	6007690	10	2	24	157	0	0	13	172	36	36	14	0	48	236	8	0	24	166	66	42
chr9	6132579	6133785	8	4	277	26	8	0	236	10	6	12	6	0	273	22	8	2	262	2	10	4
chr9	6142451	6142991	12	0	92	7	0	0	100	0	6	8	8	0	118	3	0	0	96	5	20	2
chr9	6354054	6354301	1	0	0	0	0	0	0	0	0	0	32	2	0	0	50	4	0	0	18	24
chr9	7798633	7799417	4	2	12	135	6	0	16	144	11	5	4	0	51	120	2	0	48	136	6	14
chr9	9790228	9790592	53	10	10	2	138	6	0	4	13	7	46	4	0	0	103	0	0	2	12	8
chr9	14846775	14847309	68	4	16	2	274	7	6	0	22	14	62	12	0	2	242	20	0	4	30	12
chr9	15104847	15105148	49	11	0	0	50	7	4	1	15	19	48	19	2	4	88	13	0	0	14	15
chr9	16337596	16338185	12	0	193	12	6	0	156	3	19	20	4	0	119	22	7	0	94	16	26	15
chr9	17063367	17063833	72	2	0	0	163	0	2	0	2	9	45	0	0	0	166	2	0	0	8	7
chr9	17462825	17463154	57	0	2	0	126	0	0	0	0	4	45	4	0	0	117	0	0	0	0	0
chr9	17810822	17811384	90	3	0	0	296	3	0	0	6	8	98	25	2	0	305	2	0	0	8	13
chr9	18442587	18442867	37	1	2	0	84	0	0	0	8	9	39	4	0	0	117	0	0	0	8	6
chr9	19396868	19398080	0	0	1	0	0	0	0	0	0	0	12	2	713	46	14	0	502	11	32	18
chr9	19402751	19403465	2	13	256	4	0	0	184	2	4	0	0	0	220	8	0	0	225	6	2	0
chr9	20620344	20622114	3	60	12	291	20	46	18	262	30	20	12	74	8	255	26	78	2	232	34	27
chr9	20941136	20941499	92	2	0	2	214	0	2	0	16	14	68	0	0	0	321	0	0	4	26	20
chr9	21183100	21183647	32	16	4	0	121	15	7	6	18	13	46	10	0	5	205	15	4	0	13	4
chr9	21237219	21238638	3	58	0	0	4	8	2	0	12	10	7	108	6	0	0	58	0	0	24	16
chr9	21286029	21286964	3	24	1	0	2	5	0	0	14	10	6	76	2	1	0	34	0	4	3	7
chr9	21318292	21318534	24	1	0	0	33	0	2	0	2	2	34	7	1	0	47	2	0	0	3	0
chr9	21434300	21435034	16	17	3	0	30	17	0	0	7	7	179	39	12	0	505	42	17	14	117	60
chr9	27690482	27691385	41	55	40	301	49	76	43	310	96	70	17	15	12	113	18	6	4	144	12	17
chr9	32069158	32069819	27	36	0	0	131	21	3	0	19	6	48	12	0	0	224	13	0	0	13	14
chr9	32383646	32384141	3	5	2	43	6	3	2	48	8	6	0	8	0	11	0	6	1	18	8	2
chr9	33129276	33130011	4	0	237	11	0	0	158	6	15	6	3	0	280	32	6	0	271	20	20	6
chr9	33211080	33211522	8	0	70	0	0	0	59	2	4	0	8	0	69	2	0	4	46	6	3	0
chr9	33230173	33231040	12	0	173	12	4	0	176	8	12	8	4	0	110	10	4	2	143	2	10	8
chr9	33233244	33233944	2	6	89	10	2	4	48	0	14	10	1	0	80	8	0	0	47	2	14	8
chr9	33403306	33403906	71	4	16	4	227	0	11	0	19	13	60	0	12	2	138	0	10	0	22	20
chr9	33763221	33763776	0	0	66	0	0	0	31	2	2	4	9	0	282	30	4	0	174	4	6	2
chr9	33774881	33776217	2	4	210	19	2	0	190	10	13	8	4	0	205	14	12	0	186	8	5	1
chr9	33925129	33925579	58	0	3	0	177	0	6	0	16	17	53	1	8	1	150	0	6	0	28	25
chr9	34252873	34253297	1	0	0	0	3	0	0	0	0	2	47	0	1	4	126	0	0	0	11	3
chr9	34458883	34459180	0	3	0	32	0	0	5	41	12	8	6	2	14	42	4	8	4	46	16	23
chr9	34500422	34501053	74	7	4	6	108	5	4	0	9	12	49	6	0	0	181	2	0	0	23	14
chr9	34547769	34548512	126	21	8	1	298	4	0	0	24	16	94	17	2	2	373	30	12	0	16	8
chr9	34666204	34666632	5	1	3	19	0	2	2	58	2	4	4	2	4	39	15	0	0	34	4	9
chr9	35069379	35069924	2	2	2	50	6	0	4	56	10	2	0	2	8	34	0	0	17	55	6	4
chr9	35490626	35491122	0	5	4	33	0	0	0	28	4	5	0	0	0	21	8	0	0	36	9	6
chr9	35945686	35946148	40	8	8	7	194	8	6	2	17	10	60	2	11	2	207	0	1	2	8	6
chr9	36039619	36040741	8	99	4	0	4	91	4	4	4	12	8	117	2	2	4	69	2	4	5	0
chr9	36066169	36067367	2	91	0	2	0	63	0	0	11	9	17	99	0	0	10	40	8	0	11	16
chr9	36081183	36081856	4	29	0	0	2	59	2	0	14	0	4	45	0	8	6	65	0	0	12	10
chr9	36102665	36103283	64	13	0	4	154	10	0	0	12	10	65	13	0	0	182	14	2	0	24	9
chr9	36296006	36299036	28	8	1053	62	26	0	1015	36	76	66	44	0	961	58	42	4	840	50	76	84
chr9	37080308	37081563	8	0	6	217	0	8	11	183	14	10	4	2	0	15	0	0	4	30	13	0
chr9	38432701	38433180	9	4	0	0	22	13	1	0	9	11	35	5	0	1	99	8	0	0	24	15
chr9	38641962	38642389	62	4	2	2	154	13	2	0	32	17	77	3	0	0	303	6	0	0	12	17
chr9	39791141	39791707	41	34	14	193	47	18	18	113	31	13	1	0	0	2	0	1	0	0	14	6
chr9	41217422	41217870	2	16	0	0	4	2	0	0	0	3	15	106	6	4	4	109	2	0	9	9
chr9	41332404	41333045	0	0	0	0	0	0	0	0	0	0	151	35	14	20	472	52	11	1	130	124
chr9	42798345	42799094	24	0	2	0	130	2	0	0	12	5	81	33	2	5	279	39	0	2	68	49
chr9	69877701	69878314	59	18	2	4	213	10	1	2	15	14	93	11	1	2	207	4	6	2	10	22
chr9	70229653	70230050	19	0	0	0	56	5	0	0	9	10	14	4	0	0	53	0	0	0	2	4
chr9	71285090	71285550	104	5	0	14	230	0	0	4	15	12	81	2	4	4	281	0	0	0	20	25
chr9	71595464	71595984	0	3	0	16	2	4	4	38	6	6	2	0	0	6	2	1	0	11	0	2
chr9	71681123	71681687	6	0	29	0	2	0	74	0	6	1	23	0	40	4	4	4	17	4	6	4
chr9	72127231	72127670	5	0	48	5	0	4	90	4	16	4	3	0	72	4	0	0	61	6	2	4
chr9	72271905	72272478	150	5	13	2	378	0	2	1	17	39	135	2	12	11	298	0	0	4	19	28
chr9	72461448	72461812	4	0	28	2	0	0	54	4	4	4	2	0	15	2	0	0	41	4	0	2
chr9	77150833	77151363	118	4	0	0	259	5	2	2	22	21	76	10	0	0	260	13	0	0	33	30
chr9	107754421	107755202	6	0	141	0	2	0	91	2	13	8	2	0	136	6	0	0	117	2	4	7
chr9	107794822	107795380	2	0	79	2	2	0	85	8	4	4	4	0	98	5	4	0	134	0	8	4
chr9	108038282	108038799	2	2	57	2	2	0	53	4	6	2	4	18	60	11	8	2	93	4	12	6
chr9	109183313	109183845	88	2	4	8	218	5	4	3	16	12	83	8	4	2	204	2	4	2	41	8
chr9	109903494	109903826	31	2	0	0	86	1	0	0	13	12	49	0	0	0	122	0	0	0	11	22
chr9	110623480	110623797	87	1	0	0	256	0	0	0	8	12	82	7	3	0	206	4	0	0	10	9
chr9	111621887	111622352	63	0	0	0	254	3	0	0	16	18	99	1	0	6	284	2	0	0	18	6
chr9	112118239	112118798	2	0	42	0	0	0	51	2	10	7	9	0	28	15	0	0	47	4	7	4
chr9	112361506	112362006	50	0	6	12	165	0	10	0	16	6	62	1	6	12	129	1	4	19	17	16
chr9	113056271	113057390	0	0	0	0	0	0	0	0	0	0	18	6	32	354	2	2	44	328	46	22
chr9	113380469	113383584	24	0	605	40	8	2	612	27	36	32	23	2	822	80	12	0	539	61	34	24
chr9	113388725	113389473	7	2	95	6	4	2	120	8	24	10	14	4	89	10	18	0	114	17	18	15
chr9	114107693	114108253	194	18	13	8	353	2	16	12	61	44	172	8	2	13	505	16	10	14	52	36
chr9	114118675	114119562	6	17	125	5	1	12	54	2	15	8	4	14	107	8	4	16	71	4	28	10
chr9	114504354	114506102	38	124	74	682	44	76	68	553	60	79	30	142	27	671	23	58	74	509	78	60
chr9	116494856	116495444	86	1	0	0	293	0	2	0	13	12	93	10	7	0	232	0	0	0	18	10
chr9	116572132	116572624	121	2	8	1	362	1	2	1	20	22	146	2	0	2	292	5	1	3	29	22
chr9	116589208	116589799	76	9	0	0	319	0	2	5	29	17	149	10	0	0	417	16	4	0	24	17
chr9	118595839	118596057	31	1	0	3	130	0	0	0	5	4	48	7	2	0	119	2	0	0	21	8
chr9	121594270	121594804	73	0	12	2	252	0	1	0	25	10	6	8	6	1	2	0	6	0	13	11
chr9	121599830	121600505	0	2	6	88	10	0	18	164	6	12	4	2	15	89	2	0	38	149	14	12
chr9	121719764	121720225	4	2	59	0	8	2	48	5	6	8	2	2	69	4	0	0	37	2	11	8
chr9	121971052	121972301	15	5	118	7	14	14	127	8	18	6	6	4	115	0	14	10	118	4	15	10
chr9	122092173	122093344	26	6	24	389	6	2	36	399	37	20	19	14	50	351	4	2	68	421	20	34
chr9	122230323	122231869	8	70	4	5	4	50	4	0	11	14	10	128	0	4	0	81	0	8	7	12
chr9	123327894	123329124	16	8	263	16	4	0	339	18	12	8	18	6	341	23	14	0	311	18	18	14
chr9	124002933	124006065	8	155	8	4	10	85	8	4	18	18	16	181	10	21	8	118	2	2	26	46
chr9	124126604	124127500	254	14	6	4	490	11	3	10	30	29	205	45	4	0	502	2	4	0	56	36
chr9	126558101	126558590	94	8	2	0	405	5	0	1	10	12	112	11	0	2	365	6	0	0	12	12
chr9	126985286	126985952	14	0	290	20	4	0	268	10	9	12	6	0	302	26	12	0	218	22	8	10
chr9	126987976	126988820	0	2	74	3	0	4	122	0	18	6	4	0	73	0	4	2	67	3	14	8
chr9	127066187	127067577	8	2	91	4	4	2	142	0	12	8	8	0	167	7	18	0	112	10	4	6
chr9	127073614	127074637	4	0	125	4	5	4	118	10	16	4	16	0	130	33	8	2	144	16	6	6
chr9	127187862	127189046	6	2	124	2	0	0	106	2	12	14	2	2	119	20	2	2	97	6	15	8
chr9	127503750	127504346	78	0	7	6	279	8	14	0	52	24	96	4	0	3	308	2	3	0	33	28
chr9	127716090	127716406	2	7	4	56	0	0	0	30	10	6	4	2	7	31	0	0	5	24	11	9
chr9	127764089	127764537	42	6	4	3	149	7	0	4	31	18	45	24	8	2	143	19	4	0	18	22
chr9	127987791	127988403	8	4	59	3	0	2	78	0	12	10	4	6	104	16	1	0	113	8	10	4
chr9	128079285	128080212	16	0	220	15	0	0	298	16	20	21	28	14	162	1	18	0	192	18	20	6
chr9	128116666	128117237	0	0	64	1	5	0	25	2	5	11	7	0	42	0	16	0	23	1	15	10
chr9	128922236	128922546	0	0	0	1	0	0	0	0	0	0	6	2	3	82	3	2	14	61	2	7
chr9	129783696	129784135	41	6	5	1	116	4	8	2	21	16	28	9	0	4	86	14	0	8	21	5
chr9	130099714	130100058	0	0	5	0	2	0	2	0	2	4	38	0	5	12	57	0	4	0	1	2
chr9	130411598	130412323	10	14	95	8	4	26	64	4	12	12	1	2	78	9	30	17	102	8	4	4
chr9	130414687	130415209	3	0	124	4	4	4	76	8	21	7	2	7	96	8	8	0	53	10	9	7
chr9	130415593	130415901	5	6	56	2	0	2	14	0	2	8	5	6	26	2	0	10	50	0	11	0
chr9	130461269	130461637	89	0	0	2	161	8	0	4	31	16	18	1	4	3	38	2	0	0	16	6
chr9	130771055	130771335	31	1	0	3	112	0	0	0	6	4	38	0	1	0	138	0	0	2	10	5
chr9	131740178	131740566	20	6	10	5	82	0	4	8	8	2	24	3	16	3	64	1	19	6	13	9
chr9	132169926	132170371	46	27	0	0	109	9	0	5	10	3	47	15	2	4	137	10	0	2	28	20
chr9	132236542	132236949	27	9	0	0	70	10	10	2	0	4	31	2	0	0	56	0	0	0	14	4
chr9	132405774	132406628	6	4	20	143	0	2	4	97	11	5	8	0	23	69	10	0	10	100	11	2
chr9	132574958	132575496	181	14	2	1	492	0	0	2	26	18	208	5	0	0	323	2	0	0	24	15
chr9	133019462	133020653	2	20	0	0	0	46	0	0	7	2	13	67	6	6	10	45	4	11	15	5
chr9	133022371	133022922	187	18	4	0	521	6	0	0	36	16	218	5	10	12	570	2	1	0	54	28
chr9	133352008	133352332	70	0	0	8	135	0	0	2	15	13	90	6	2	3	107	0	1	0	19	14
chr9	133403692	133404014	24	2	2	2	43	0	4	0	16	4	11	12	4	0	23	3	2	0	7	9
chr9	133437767	133438230	122	12	0	1	269	2	10	2	18	25	4	15	2	0	0	17	12	0	13	21
chr9	133620395	133624164	1	65	0	5	6	50	0	3	6	2	19	239	5	0	14	209	2	3	61	38
chr9	133994390	133994721	42	6	4	0	139	0	1	4	15	16	0	0	0	0	0	0	0	0	0	0
chr9	134099145	134099480	86	14	0	1	268	19	0	2	10	16	91	6	0	3	221	9	0	0	16	6
chr9	134340614	134341243	0	2	58	2	6	2	65	3	20	15	4	1	60	10	8	0	114	8	21	21
chr9	134357961	134358826	6	4	147	8	0	0	179	12	6	6	8	0	218	4	4	3	182	14	6	0
chr9	134527331	134528743	6	61	0	2	0	68	0	0	12	6	4	55	0	0	11	84	0	0	18	20
chr9	134544069	134545202	0	0	0	0	0	0	0	0	6	4	6	92	0	4	2	76	0	3	20	19
chr9	134895027	134896315	4	36	4	0	4	37	0	0	10	9	0	70	0	5	4	69	0	0	24	4
chr9	135504511	135505198	43	3	10	3	164	2	0	0	26	12	59	0	0	1	232	0	0	0	22	4
chr9	135797509	135797942	28	0	4	0	105	0	0	0	10	4	50	10	0	2	122	2	0	0	10	4
