chr6	170293458	170298763	0	0	0	0	0	0	0	0	0	0	172	850	161	1600	214	1310	213	2456	799	774
chr6	4017182	4021981	128	18	3570	2957	164	32	3345	3073	416	496	0	0	1	0	0	0	1	0	0	0
chr6	3226761	3230332	113	483	280	2050	151	172	546	2414	364	342	0	0	0	0	0	0	0	0	2	4
chr6	2764153	2768702	169	38	2019	4616	234	8	1447	3849	476	567	0	0	0	0	0	0	0	0	0	0
chr6	2902827	2904084	0	0	0	0	0	0	2	0	0	0	26	10	108	423	33	17	92	213	76	94
chr6	3258362	3259901	78	15	1027	2226	97	8	700	2234	164	202	0	0	0	0	0	0	0	0	0	0
chr6	3361451	3366172	85	22	2131	312	109	12	2018	262	308	343	0	0	2	0	0	0	0	0	4	2
chr6	3381107	3385288	82	24	1977	371	79	28	2140	282	254	275	0	0	0	0	0	0	0	0	0	6
chr6	3067617	3070136	108	12	1889	2300	142	0	1674	1979	276	294	1	0	0	4	2	0	2	0	2	0
chr6	2998235	3000829	291	2	1076	2692	417	14	858	2050	315	347	0	0	0	6	0	0	0	0	0	0
chr6	2257218	2260732	78	4	1766	272	52	14	2340	233	207	206	0	0	0	0	0	0	0	0	0	0
chr6	291194	291976	4	6	0	0	2	2	0	0	10	16	16	1	174	306	13	1	166	245	26	26
chr6	84244830	84245556	2	2	6	17	4	0	5	13	8	4	14	12	98	92	16	18	84	173	22	10
chr6	53359680	53360065	1	0	0	0	0	0	2	0	0	0	0	0	38	34	8	0	107	110	10	11
chr6	47042838	47044231	0	0	0	0	0	0	4	0	0	0	0	0	80	9	10	6	422	46	6	2
chr6	34424918	34425435	0	0	0	0	0	0	0	0	0	0	2	0	72	113	1	5	27	116	2	4
chr6	292475	293416	4	12	0	2	4	9	0	0	22	14	9	2	174	361	23	0	158	234	22	36
chr6	42139078	42139432	0	0	0	0	0	0	0	0	0	0	0	0	41	49	3	0	81	16	6	13
chr6	53065815	53066998	17	2	100	777	40	5	165	823	89	126	0	0	0	0	0	0	0	0	0	0
chr6	1601248	1601849	9	42	53	284	42	22	42	230	42	81	0	0	0	0	0	0	0	0	0	0
chr6	26249133	26250004	12	0	470	446	26	2	573	399	28	36	0	0	2	1	0	0	0	0	0	0
chr6	7110009	7111615	22	5	213	428	24	2	298	208	72	83	0	0	0	0	0	0	1	0	0	0
chr6	25963132	25963521	0	0	1	4	1	0	1	4	0	0	0	0	16	43	0	2	64	116	4	2
chr6	26125978	26128624	34	10	264	881	20	0	213	519	36	26	0	0	0	0	0	0	5	0	2	0
chr6	73521170	73521702	11	0	196	171	54	1	301	259	131	151	0	0	0	0	0	0	0	0	0	0
chr6	1723561	1725989	22	2	728	102	38	12	706	36	48	68	0	0	3	0	0	0	0	0	0	2
chr6	4565031	4567841	52	253	14	0	47	321	12	32	227	239	0	0	0	0	0	0	0	0	0	0
chr6	710528	711489	13	4	130	614	16	22	26	392	28	23	0	0	0	2	2	0	0	0	0	0
chr6	1016632	1018214	43	1	617	46	16	21	302	12	74	98	0	0	0	0	0	0	2	0	0	0
chr6	84625757	84626876	4	16	2	4	17	14	7	12	14	16	3	0	101	106	8	0	274	341	25	27
chr6	137651310	137653322	14	2	600	134	26	6	376	64	12	24	0	0	2	0	0	0	0	0	0	0
chr6	42141632	42142529	12	8	533	291	4	2	303	384	6	4	0	0	0	0	0	0	0	0	0	0
chr6	692115	693785	16	4	237	898	28	7	185	715	18	20	2	0	0	4	0	0	0	6	0	0
chr6	96521749	96522292	0	0	410	417	8	0	290	351	24	9	0	0	0	0	0	0	0	0	0	0
chr6	136822253	136822848	12	0	125	352	8	0	180	330	19	36	0	0	0	0	0	0	0	2	0	0
chr6	149863335	149864008	5	0	379	432	0	2	194	406	8	16	0	0	0	0	0	0	1	0	0	0
chr6	2245726	2246299	6	0	376	213	10	2	339	274	12	6	0	0	0	0	0	0	0	0	0	0
chr6	21594213	21594910	4	2	251	308	12	0	280	377	4	10	0	0	0	0	0	0	2	0	0	0
chr6	6857396	6858445	18	9	306	78	16	0	179	21	58	40	0	0	0	0	0	0	2	0	0	0
chr6	7532503	7533171	14	2	238	108	14	7	138	48	42	51	0	0	0	0	0	0	0	0	0	0
chr6	10414398	10415139	4	0	232	371	12	0	164	230	14	10	0	0	2	0	0	0	2	0	0	0
chr6	148889402	148890772	24	25	114	12	8	12	313	57	20	32	0	0	0	0	0	0	0	0	0	0
chr6	167796227	167797347	12	8	67	269	13	5	46	177	18	23	0	0	1	0	0	0	0	0	0	0
chr6	10411649	10412297	3	0	319	264	2	0	207	182	12	10	0	0	1	0	0	0	2	2	2	0
chr6	7804068	7808080	32	270	2	0	36	294	6	14	93	97	0	0	0	0	0	0	0	0	0	2
chr6	73653471	73653828	0	0	0	2	4	0	3	5	0	0	0	0	13	38	0	0	29	26	0	0
chr6	127266580	127267066	15	0	97	145	24	0	59	145	34	22	0	0	0	0	0	0	0	0	0	0
chr6	7545569	7546775	12	0	228	89	22	4	102	46	18	36	0	0	0	0	0	0	0	0	0	0
chr6	7548686	7549467	9	0	194	123	4	2	145	81	14	29	0	0	0	0	0	0	0	0	0	0
chr6	13712181	13713158	14	8	146	101	2	4	135	106	14	10	1	0	0	0	0	0	0	2	3	1
chr6	49387295	49387749	1	3	2	14	8	0	7	19	4	2	4	6	28	7	0	2	34	62	18	5
chr6	28695821	28696147	0	0	0	0	0	5	0	0	1	2	0	18	0	0	0	32	0	0	8	6
chr6	36986188	36986517	10	0	132	108	10	0	103	116	13	10	0	0	0	0	0	0	2	1	0	0
chr6	27831350	27831688	8	0	60	75	18	0	39	154	19	30	0	0	0	0	2	0	0	0	0	0
chr6	27762047	27762887	18	10	259	389	14	0	314	302	10	12	2	0	2	4	10	0	0	0	14	2
chr6	89081269	89081602	0	0	6	4	0	0	4	4	0	0	0	0	11	20	2	0	14	21	0	0
chr6	107290270	107290632	7	0	7	0	2	0	6	0	12	19	4	0	11	18	4	0	43	35	16	18
chr6	3371491	3372459	17	0	133	22	11	2	183	34	8	12	0	0	0	0	0	0	0	0	0	0
chr6	12012456	12012872	1	0	5	13	0	0	4	16	0	0	0	2	26	79	2	0	27	78	0	0
chr6	167421696	167422519	4	2	29	27	4	5	59	17	22	28	0	0	72	30	7	3	42	46	10	10
chr6	1689490	1690214	14	2	180	24	0	4	95	4	34	36	0	0	0	0	0	0	0	0	0	0
chr6	27815131	27815865	4	0	169	185	0	0	205	158	2	11	0	0	4	0	0	0	2	3	4	0
chr6	3370119	3370851	15	1	154	39	8	0	183	14	12	2	0	0	0	0	0	0	0	0	0	0
chr6	168319079	168319910	6	5	103	424	7	2	49	229	16	14	2	0	0	2	0	0	0	0	14	20
chr6	133341806	133342549	8	22	14	4	2	12	28	2	16	2	4	0	44	32	7	12	157	0	26	19
chr6	169340567	169341262	8	12	63	32	16	0	345	82	20	20	0	0	6	2	2	0	14	4	4	2
chr6	13873944	13874398	0	0	44	161	6	4	26	65	5	12	0	0	0	0	0	0	0	0	0	0
chr6	7108857	7109671	18	0	226	387	2	0	254	346	6	6	0	0	7	0	0	0	0	10	0	0
chr6	75602758	75603321	0	0	78	162	1	0	47	95	0	4	0	0	0	0	0	0	0	0	0	0
chr6	3372764	3373467	14	4	147	36	4	2	105	0	14	14	0	0	0	0	2	0	0	0	2	0
chr6	21597809	21598131	0	0	38	121	12	2	27	88	4	4	0	0	0	0	0	0	0	0	0	0
chr6	38797656	38798277	6	2	388	92	12	6	268	16	2	12	4	2	0	0	0	12	0	0	6	8
chr6	10403385	10404199	8	0	260	142	10	2	296	156	14	18	0	0	0	10	0	0	0	0	0	0
chr6	4776857	4777662	14	10	283	476	10	2	87	381	12	2	2	0	8	0	0	0	10	13	0	0
chr6	159445086	159446288	10	6	2	1	4	42	1	0	28	19	12	80	1	0	18	54	0	24	31	23
chr6	148891067	148893232	30	54	149	34	22	14	410	46	36	43	0	0	6	0	2	0	23	0	0	2
chr6	87700160	87700578	2	0	39	103	2	0	33	85	2	4	0	0	0	0	0	0	0	0	0	0
chr6	51874597	51875219	12	28	60	144	1	6	57	75	8	16	0	0	0	2	1	0	2	0	2	0
chr6	153979047	153979754	7	11	39	6	8	1	46	2	32	21	2	2	31	31	16	11	104	75	17	34
chr6	111597572	111598418	2	2	18	0	10	0	52	18	17	25	4	4	122	24	19	0	52	6	29	28
chr6	1449935	1451374	6	107	2	0	17	71	4	0	25	35	0	0	0	0	0	0	0	0	0	0
chr6	109318633	109319165	6	0	152	4	2	0	77	32	0	8	0	0	0	0	0	0	0	0	0	0
chr6	42782692	42785308	82	10	3462	3482	125	16	3625	4197	274	308	0	0	52	36	14	0	132	160	2	0
chr6	109317819	109318197	0	2	94	19	0	1	98	17	24	2	0	0	0	0	0	0	0	0	0	0
chr6	37819785	37820244	0	0	0	0	0	0	0	27	0	0	0	0	24	36	0	0	12	26	0	0
chr6	84466773	84467196	2	0	94	34	6	5	68	24	0	0	0	0	0	0	0	0	0	0	0	0
chr6	24668753	24669658	9	0	145	144	18	8	142	186	19	23	4	0	0	0	2	0	2	18	6	5
chr6	111589038	111589599	0	0	16	2	2	0	69	22	6	10	8	2	155	26	0	5	53	13	16	10
chr6	80004100	80004529	2	0	21	40	8	0	37	73	20	7	6	0	62	155	9	4	55	202	19	25
chr6	4754110	4756027	17	66	0	0	11	89	2	0	21	13	0	2	0	0	2	0	0	0	0	2
chr6	156687596	156688567	0	0	6	36	2	0	30	106	4	6	16	0	90	162	10	0	112	120	4	10
chr6	28207211	28207966	1	43	0	98	4	47	4	112	16	12	1	0	0	0	8	10	0	0	4	2
chr6	24358154	24358479	0	0	17	22	1	1	37	64	4	7	5	4	22	134	9	0	52	63	17	17
chr6	127593230	127594037	20	9	123	362	17	12	56	164	16	18	8	13	10	14	5	22	4	9	23	8
chr6	25419019	25419779	4	1	236	63	3	2	250	44	16	28	0	0	0	2	3	2	21	0	4	9
chr6	160787553	160788322	5	16	82	34	16	9	237	51	31	30	0	0	4	0	0	0	20	5	1	2
chr6	159462164	159463938	6	16	0	0	43	82	2	8	34	25	52	72	0	6	44	161	6	0	38	43
chr6	76876491	76877055	7	3	12	76	8	0	12	96	6	8	1	0	42	176	3	2	32	234	14	14
chr6	159068457	159069623	5	38	2	0	8	28	8	0	9	13	6	13	0	16	8	49	2	26	10	10
chr6	7541222	7542649	24	0	1109	1437	20	0	595	1269	58	76	0	0	23	38	0	0	24	66	2	4
chr6	26710710	26719335	113	663	32	44	199	1268	32	34	425	481	0	0	0	0	0	0	0	0	0	0
chr6	131081837	131082257	2	1	58	11	14	0	42	16	8	10	2	0	0	0	0	0	4	0	4	2
chr6	27773787	27774428	14	0	139	193	6	6	127	49	18	16	0	0	2	0	4	4	29	0	10	3
chr6	26678952	26684191	90	506	15	12	118	897	17	119	285	308	0	1	0	0	0	0	0	0	0	0
chr6	167175641	167177096	8	44	4	10	16	84	2	2	16	27	20	38	14	14	10	130	11	18	39	50
chr6	88662290	88663146	13	6	60	67	20	3	74	48	31	34	8	0	44	54	8	2	186	144	32	33
chr6	111602963	111603856	0	0	10	66	14	0	78	127	15	14	8	1	123	148	4	0	133	88	12	9
chr6	41779226	41779513	7	0	22	25	2	0	13	21	0	11	0	0	0	2	0	0	0	0	0	0
chr6	27793302	27793604	2	0	58	15	1	0	45	10	0	2	0	0	0	0	0	0	2	0	0	0
chr6	12330794	12331908	0	0	72	0	5	0	91	1	6	5	2	0	76	0	6	2	204	50	4	8
chr6	116876077	116877004	8	49	0	21	2	38	2	0	15	16	5	12	0	47	2	47	0	30	11	12
chr6	26696464	26698026	33	166	2	12	38	185	2	8	96	111	0	2	0	0	0	0	0	0	2	0
chr6	7743341	7743641	5	27	0	0	16	47	0	0	6	9	0	0	0	0	0	0	0	0	0	0
chr6	111604993	111605622	0	0	70	56	2	0	136	204	8	6	4	2	227	181	2	4	132	175	12	10
chr6	45674563	45675264	0	2	77	104	15	0	53	38	10	11	12	0	75	88	8	3	100	38	8	8
chr6	125746385	125748954	14	80	2	170	10	137	2	132	14	24	2	30	2	180	17	122	10	389	30	36
chr6	148764088	148765596	6	24	80	64	19	8	168	27	18	38	4	0	62	44	14	0	272	83	23	52
chr6	7744752	7745685	1	29	0	0	7	52	0	0	17	12	0	0	0	0	0	0	0	0	2	0
chr6	169338138	169338835	0	2	10	6	6	4	63	0	8	10	8	0	2	6	2	8	93	4	12	9
chr6	99845164	99845907	4	26	2	0	10	30	0	0	22	10	0	19	0	0	7	55	0	6	27	16
chr6	25404584	25405840	29	6	128	82	8	14	202	78	27	41	2	0	5	0	6	3	24	18	14	18
chr6	38795053	38796999	31	4	792	126	40	2	425	120	28	32	1	0	8	26	10	13	30	28	19	22
chr6	106786302	106787365	12	4	38	0	10	4	158	34	14	24	0	2	6	16	8	0	269	126	8	12
chr6	20878803	20879171	4	4	29	0	1	0	23	0	4	6	0	0	16	0	6	2	43	2	2	18
chr6	124348238	124349172	12	12	95	148	14	6	194	212	40	52	0	2	2	6	8	26	16	64	16	16
chr6	53718622	53719122	78	0	105	12	74	0	74	2	14	16	0	0	0	0	30	0	4	0	6	4
chr6	169339138	169339553	4	0	41	8	12	0	98	30	2	18	0	0	34	26	4	3	145	26	8	9
chr6	47040660	47042432	2	0	143	118	6	0	144	145	2	6	0	0	147	70	16	4	396	238	6	10
chr6	91376191	91377187	6	3	94	0	2	2	53	14	9	8	2	0	30	4	10	4	109	40	10	13
chr6	138986202	138986728	10	2	53	149	6	0	28	105	12	12	0	0	7	2	2	0	11	14	8	12
chr6	170168817	170172781	96	369	0	4	74	312	12	12	256	226	62	271	12	12	66	342	14	10	270	269
chr6	137000619	137001021	0	0	62	5	0	0	53	6	2	2	0	0	36	14	6	0	58	14	2	0
chr6	163412356	163412794	2	4	16	47	2	2	41	42	16	9	0	0	22	35	4	0	62	24	16	18
chr6	158771654	158772988	15	0	723	114	20	6	416	48	33	25	3	0	27	0	8	0	46	12	24	16
chr6	27825947	27828195	20	16	152	566	31	5	55	172	22	36	8	6	196	451	14	5	193	285	27	35
chr6	39223551	39223940	9	0	10	18	7	0	49	27	5	10	2	0	12	8	10	0	44	55	8	4
chr6	26673444	26675135	26	133	5	4	36	178	29	14	64	101	2	4	2	0	2	4	0	0	4	6
chr6	26728188	26730109	38	174	14	10	51	188	11	4	165	181	0	0	0	0	0	0	0	0	0	0
chr6	160617982	160619002	9	23	0	0	2	30	1	0	2	6	0	0	0	0	0	0	0	0	0	0
chr6	167140259	167140729	3	2	121	54	5	4	65	21	19	17	0	0	6	1	8	2	16	0	4	4
chr6	163310642	163311024	6	10	28	24	5	3	30	0	16	9	0	0	16	12	6	0	36	6	21	6
chr6	131627431	131627969	0	0	16	60	2	0	22	81	0	0	2	2	18	52	4	0	24	129	0	0
chr6	52303776	52304505	7	0	199	24	2	0	170	17	6	4	2	0	6	0	4	0	18	6	11	11
chr6	125985425	125986241	12	2	52	85	6	0	54	15	4	10	2	0	24	38	14	0	65	81	4	6
chr6	18147404	18148407	3	0	572	34	8	0	387	96	13	16	0	2	26	8	0	2	34	0	10	16
chr6	42556957	42557406	8	2	51	36	2	0	20	1	4	10	0	0	0	0	0	0	6	0	2	8
chr6	158773376	158775354	15	0	671	140	28	0	346	54	14	26	0	0	20	0	2	6	70	14	20	24
chr6	167377254	167379487	50	128	23	50	21	143	6	6	74	50	9	104	21	30	30	159	12	18	60	88
chr6	106788450	106789235	10	4	0	0	11	7	60	0	11	10	0	2	8	6	6	2	73	2	13	9
chr6	137867747	137870002	29	2	122	554	30	6	56	238	36	34	6	0	59	358	10	8	87	459	30	40
chr6	71412635	71412901	6	0	48	4	4	6	50	3	10	4	0	0	16	2	4	0	30	60	0	4
chr6	35471391	35472195	22	1	138	158	14	4	67	96	25	15	0	0	3	2	4	0	41	8	8	19
chr6	26253717	26254187	4	0	60	111	2	0	33	109	8	9	0	0	7	7	0	0	9	6	8	1
chr6	160239447	160239750	0	0	35	18	4	0	39	0	6	5	0	0	1	1	0	1	1	0	6	7
chr6	12012910	12013846	7	1	73	228	10	4	42	162	20	14	0	0	3	4	1	0	13	43	2	1
chr6	158025858	158026567	6	0	56	24	6	0	78	44	19	20	10	0	46	0	21	0	90	40	10	4
chr6	150142448	150143002	6	32	14	182	10	12	9	140	12	10	0	0	16	138	4	10	8	186	6	4
chr6	158643915	158644808	5	0	138	148	15	0	135	188	25	22	2	0	110	61	14	2	163	322	14	29
chr6	73704611	73705064	11	2	19	2	12	2	32	0	8	8	0	0	6	8	4	0	40	10	0	8
chr6	37137850	37138641	9	2	32	56	6	0	96	20	14	19	0	0	14	34	14	2	57	48	11	15
chr6	163312098	163312808	8	5	58	12	4	2	108	32	13	13	6	0	49	10	2	0	84	28	7	10
chr6	73389421	73389755	0	1	1	41	6	0	11	32	2	8	0	0	12	10	2	0	36	34	4	2
chr6	151041432	151041906	7	0	66	0	4	0	78	1	18	5	1	0	12	38	6	2	54	0	9	11
chr6	167997142	167997509	22	55	11	58	4	35	13	25	8	14	26	70	8	32	12	48	8	57	52	23
chr6	132812762	132813197	2	0	22	39	2	0	38	78	10	2	2	0	21	28	12	0	57	51	2	3
chr6	21079976	21080445	6	2	9	6	0	2	66	0	4	6	0	2	8	0	0	0	64	12	2	4
chr6	99514569	99515131	2	0	68	162	0	0	38	91	12	10	4	0	34	83	4	0	30	164	5	12
chr6	150636395	150636802	0	1	32	6	11	0	53	6	8	3	0	0	18	4	10	0	43	14	6	0
chr6	53616976	53617417	9	0	53	53	4	2	70	4	11	1	0	0	10	20	0	0	66	72	10	6
chr6	165816037	165818346	16	57	2	0	11	38	2	0	34	25	4	26	0	0	20	88	6	0	16	30
chr6	27096648	27097063	2	6	26	117	6	2	15	62	2	6	4	0	14	64	1	0	36	74	0	8
chr6	153983429	153984004	4	2	16	0	3	6	61	0	5	10	2	0	12	0	0	4	36	20	5	4
chr6	165605459	165605965	6	8	26	48	6	2	50	21	14	8	0	0	22	2	2	0	42	64	2	6
chr6	27864409	27864916	2	1	66	122	12	0	26	82	8	10	2	0	6	7	0	2	16	10	0	4
chr6	151668198	151668709	2	0	159	80	13	2	71	18	0	0	1	0	9	0	2	0	20	8	2	6
chr6	14831222	14831927	12	15	0	0	6	34	0	0	16	10	0	14	0	0	8	39	0	0	12	14
chr6	167711991	167712561	7	5	62	32	3	9	32	2	10	19	0	0	0	0	4	2	12	0	6	10
chr6	34563126	34563473	8	0	64	8	9	4	39	6	19	12	8	4	18	0	4	0	39	22	12	8
chr6	151325149	151325833	3	13	25	236	11	2	9	89	14	4	2	0	28	78	14	0	39	184	4	8
chr6	126053998	126054352	5	0	21	0	10	2	53	0	4	12	3	0	8	0	3	0	59	12	9	16
chr6	150185152	150185880	7	9	74	20	2	0	36	16	7	20	2	0	38	0	4	0	55	14	12	10
chr6	56863754	56864051	6	0	90	11	4	2	36	18	0	4	3	5	5	0	5	0	2	0	4	3
chr6	13163932	13166261	19	86	4	30	16	105	6	58	28	28	2	12	21	52	4	86	10	18	20	20
chr6	41784345	41784675	8	0	23	7	0	0	21	0	10	6	0	0	4	6	2	0	32	0	0	7
chr6	111259695	111260000	0	0	0	11	0	0	0	14	2	2	0	0	2	3	0	2	0	17	2	0
chr6	41518950	41519782	7	1	218	48	22	1	193	81	12	28	2	0	11	2	12	0	50	6	12	6
chr6	163391185	163391831	8	2	62	3	3	0	65	16	7	4	2	0	27	12	6	0	51	14	1	4
chr6	43874390	43874821	2	0	48	19	4	0	85	11	10	6	0	0	28	2	0	0	60	48	6	4
chr6	79607064	79607666	2	4	44	7	6	0	60	3	8	10	0	0	12	0	1	0	51	24	7	8
chr6	166653078	166657088	16	94	24	0	26	81	4	6	34	36	2	28	0	16	13	84	16	20	26	34
chr6	169446092	169446609	0	2	41	20	13	0	42	13	12	2	0	0	14	10	1	0	39	21	10	12
chr6	158563142	158563729	10	0	100	20	18	3	94	70	18	27	10	0	42	14	14	0	99	31	28	16
chr6	143744475	143745798	22	0	85	160	16	6	156	219	58	54	0	2	92	120	17	0	124	96	29	43
chr6	147508509	147509128	12	20	14	221	30	12	6	215	16	23	0	2	6	153	2	29	7	228	4	10
chr6	19724754	19725252	8	44	0	0	2	52	3	0	3	11	0	3	0	0	0	11	1	0	4	1
chr6	157311224	157311542	19	3	0	0	10	2	0	0	102	120	21	1	0	2	18	14	4	0	120	127
chr6	105991878	105992487	6	0	66	188	0	2	34	90	12	9	0	0	42	22	4	4	56	218	4	8
chr6	97382239	97382789	7	5	91	139	16	7	64	72	24	14	10	1	26	54	10	11	53	114	26	10
chr6	125694796	125696981	14	98	14	2	15	118	2	10	32	49	14	54	0	2	33	126	4	6	32	18
chr6	148190655	148191505	0	0	79	0	2	8	58	3	6	6	0	0	25	16	2	4	50	1	2	2
chr6	131807548	131808008	3	0	3	31	2	0	0	29	2	2	0	0	1	19	3	4	6	17	2	0
chr6	125751541	125751932	3	24	0	2	0	32	0	0	2	2	2	12	0	0	2	23	6	0	2	4
chr6	143677547	143678070	2	2	4	52	3	3	7	46	3	8	2	0	5	14	2	0	22	57	2	0
chr6	158777046	158778396	17	0	244	36	21	2	102	21	18	32	4	0	14	10	4	1	18	0	16	7
chr6	39280647	39282416	29	4	671	117	31	6	668	48	59	75	14	2	360	52	16	2	592	47	48	48
chr6	16769452	16770042	4	0	34	0	8	8	48	26	14	19	2	0	6	4	6	0	39	31	18	20
chr6	85308327	85309493	9	71	4	0	20	98	7	0	22	26	0	14	0	0	0	29	0	0	4	13
chr6	26677399	26678912	29	132	15	24	30	200	11	24	81	86	0	2	0	0	0	0	0	0	0	0
chr6	41787412	41788788	42	4	148	313	76	0	97	257	28	26	12	2	74	156	48	1	104	274	16	24
chr6	107859806	107860951	13	10	84	299	18	15	151	208	10	10	6	2	28	99	12	9	147	248	30	23
chr6	39217420	39218515	6	0	236	27	20	4	197	42	8	14	0	0	4	0	4	0	65	9	12	12
chr6	82101287	82101742	12	0	51	170	11	1	94	190	7	5	3	0	2	26	7	6	4	2	7	5
chr6	126340515	126340971	0	0	26	164	0	0	20	35	6	2	0	0	26	39	0	2	6	118	2	4
chr6	18503161	18503875	15	2	134	10	8	2	125	40	24	14	0	0	12	0	18	2	20	0	6	4
chr6	45555563	45556487	10	0	260	84	8	0	166	48	12	26	0	0	10	0	17	0	63	6	2	8
chr6	163675514	163676644	8	14	12	0	6	33	0	0	1	10	0	8	0	0	2	32	2	0	16	9
chr6	25337149	25337687	5	4	98	51	8	0	66	14	13	28	0	0	8	0	2	5	24	0	11	12
chr6	142947626	142948086	2	0	65	81	12	6	31	51	6	6	0	0	0	68	12	0	18	32	8	10
chr6	96897970	96898423	13	0	66	79	15	2	63	117	7	7	0	0	22	90	4	0	41	54	2	15
chr6	25303501	25303762	3	1	33	5	1	0	17	2	4	8	0	0	8	0	2	0	26	6	2	2
chr6	162750519	162751019	6	0	37	0	24	0	55	40	14	22	0	0	32	0	8	0	63	8	16	16
chr6	99786551	99788757	9	95	0	14	10	100	0	2	20	40	6	58	0	8	10	89	1	0	24	14
chr6	89639280	89639660	2	0	10	74	6	0	21	69	4	2	4	0	12	8	0	0	33	94	4	4
chr6	163323235	163324563	11	11	101	18	6	6	251	42	20	25	4	1	58	0	16	6	198	28	26	15
chr6	46491002	46493598	54	99	12	213	30	104	14	206	34	24	4	8	2	89	36	130	10	256	24	24
chr6	37325522	37326102	100	2	97	15	147	0	55	7	19	26	6	0	0	0	63	0	9	0	22	11
chr6	158571338	158571960	2	0	177	24	8	0	214	20	22	14	0	0	76	0	6	9	157	60	8	18
chr6	124412473	124413068	11	4	54	195	6	3	109	241	33	23	0	0	8	27	8	0	15	30	6	7
chr6	131981451	131981962	4	0	100	36	10	0	165	16	4	14	2	0	52	12	7	0	139	22	2	2
chr6	138498025	138499485	4	0	332	235	4	2	138	114	21	20	2	0	54	65	10	4	209	278	10	8
chr6	159065786	159066470	8	44	4	0	2	51	2	0	5	2	0	12	0	0	19	39	0	4	8	15
chr6	158026894	158027634	16	0	82	2	8	0	97	0	14	30	2	0	26	0	4	0	92	22	14	7
chr6	158033386	158035122	14	0	199	32	24	0	182	48	36	42	7	0	72	26	10	0	152	30	24	34
chr6	43838480	43838948	19	0	54	29	26	0	50	5	10	10	4	8	15	0	39	0	54	6	14	8
chr6	133837852	133838268	37	4	30	210	53	2	73	155	12	12	16	0	20	51	56	3	72	196	6	8
chr6	160791270	160792664	10	2	59	80	2	10	247	119	46	42	0	0	93	20	6	3	224	20	26	51
chr6	11229481	11230470	2	0	66	139	10	0	224	133	6	16	0	0	32	89	4	0	149	128	6	3
chr6	21081366	21081824	2	0	18	0	0	0	93	8	2	8	1	0	16	6	4	2	42	12	10	4
chr6	153976268	153978689	20	6	486	114	22	8	651	108	47	46	15	0	196	64	26	22	528	34	34	22
chr6	117483365	117483924	4	2	127	168	10	4	123	149	10	0	0	2	26	110	2	0	67	165	6	6
chr6	158704539	158705736	17	0	411	19	14	6	398	26	36	35	8	0	185	24	18	0	194	22	26	32
chr6	170554271	170554566	5	0	22	33	34	1	12	21	5	14	0	0	4	18	9	0	13	25	13	18
chr6	155327776	155328671	17	0	180	42	24	9	148	46	10	18	1	0	37	37	8	0	142	50	10	20
chr6	16237549	16238567	2	60	0	42	10	61	6	70	21	12	2	12	0	8	2	33	0	1	10	4
chr6	151045414	151046090	4	0	78	6	8	2	94	36	4	10	0	0	39	12	2	0	52	14	4	4
chr6	129645333	129646095	6	0	243	34	18	4	238	113	20	26	4	0	22	0	4	0	76	2	10	10
chr6	17704727	17705253	6	0	21	165	8	0	24	160	2	8	0	0	10	10	0	0	21	19	12	4
chr6	21423550	21424008	0	0	43	107	3	2	33	184	12	19	6	0	32	58	10	0	49	87	14	15
chr6	41920791	41921172	12	0	63	205	22	0	57	81	8	10	6	0	30	39	15	4	27	171	5	4
chr6	157312827	157313150	59	6	14	4	48	3	16	1	246	226	22	5	9	2	46	15	10	0	261	211
chr6	34099978	34101049	6	31	5	0	8	56	0	0	32	28	3	21	0	0	12	50	0	0	13	21
chr6	47146495	47147659	9	2	166	9	12	0	341	111	26	16	0	0	58	26	8	2	336	64	8	8
chr6	116280107	116280819	10	0	78	200	8	0	62	183	18	9	2	4	26	88	0	0	51	174	16	20
chr6	163417603	163418153	4	0	26	85	4	0	54	66	8	2	0	0	24	22	8	3	71	38	4	4
chr6	136551052	136551639	3	0	74	118	2	2	106	46	4	2	4	0	32	34	0	0	76	71	8	4
chr6	149925845	149926345	12	2	98	181	0	0	77	190	14	10	4	0	20	92	11	0	70	173	4	12
chr6	106859548	106860760	16	7	206	31	28	9	154	28	15	13	4	0	14	1	2	2	34	18	14	25
chr6	106887174	106887719	2	0	61	2	4	0	82	8	0	0	0	0	11	10	0	0	81	0	2	2
chr6	118650526	118652188	20	73	12	459	24	56	23	420	20	40	16	0	46	168	13	9	72	317	28	28
chr6	96924341	96924727	20	0	44	171	6	4	58	92	16	12	4	0	14	57	6	0	48	115	14	12
chr6	47236605	47237015	6	2	33	25	9	0	46	0	7	7	2	0	0	0	0	0	14	0	8	8
chr6	26118440	26119896	0	0	111	40	12	0	141	42	12	10	0	0	49	2	4	0	162	20	4	10
chr6	36583439	36583758	2	0	4	3	0	1	4	22	2	1	0	0	0	1	0	0	3	13	0	0
chr6	149987343	149992593	50	467	22	160	54	463	12	222	126	161	18	122	8	128	38	328	10	172	83	102
chr6	44387450	44388337	4	0	170	214	14	0	174	146	14	18	4	0	83	75	10	4	102	160	8	14
chr6	158782725	158783314	6	0	82	31	12	3	90	13	8	13	0	0	8	6	4	0	14	0	14	14
chr6	52330423	52330981	4	0	78	16	2	0	78	14	27	18	0	0	10	24	4	0	60	5	12	19
chr6	158811580	158812439	6	0	135	126	4	2	105	104	2	6	4	0	50	49	2	0	104	82	2	12
chr6	160496347	160496735	4	31	4	0	15	50	0	0	31	12	0	2	0	0	0	26	0	0	2	8
chr6	143554512	143555020	4	0	115	59	2	0	205	44	6	11	2	0	59	22	6	0	121	48	4	3
chr6	137043201	137043743	2	0	96	101	2	0	71	36	0	0	2	0	24	26	2	0	92	54	0	0
chr6	159691469	159691829	13	0	51	52	8	0	53	31	4	6	4	0	8	24	28	0	27	24	6	7
chr6	47111493	47111938	14	0	76	3	2	3	61	8	18	12	0	0	26	0	4	0	46	14	4	13
chr6	36913798	36915185	25	0	243	79	47	0	160	56	21	21	13	0	58	0	42	0	120	131	27	18
chr6	148221440	148222143	10	6	132	52	10	0	100	0	22	22	4	0	6	38	6	0	78	26	14	18
chr6	99232551	99232858	0	21	2	0	2	30	3	0	3	12	0	10	0	0	2	23	0	0	2	2
chr6	158802409	158803006	7	0	173	255	1	0	230	87	2	12	2	0	73	79	6	0	150	115	10	8
chr6	151036532	151037409	4	4	240	60	14	2	251	50	16	8	2	0	50	46	4	0	203	50	12	21
chr6	26312769	26313218	4	0	14	100	3	0	14	20	8	9	2	0	14	14	6	0	16	38	8	4
chr6	12667113	12669929	45	258	2	22	33	232	4	26	74	70	14	63	16	10	25	240	16	2	72	78
chr6	109297973	109298305	4	0	22	0	1	0	38	2	2	4	3	0	7	0	2	0	18	0	4	2
chr6	43841890	43844616	16	6	382	64	28	2	630	64	42	52	0	0	110	18	25	0	562	68	34	30
chr6	157323651	157324279	10	0	95	226	16	2	118	300	18	16	5	0	40	68	10	0	112	268	8	22
chr6	47133983	47135691	8	0	654	100	18	4	818	48	38	44	0	0	208	32	20	0	660	102	12	34
chr6	156885941	156886870	5	10	37	57	2	0	68	16	16	10	2	0	18	14	4	4	55	4	6	23
chr6	41785177	41786162	32	2	145	80	20	6	52	83	18	12	2	0	22	40	6	0	97	72	12	8
chr6	132402814	132405398	26	141	2	30	18	201	4	18	49	54	4	58	12	12	23	149	6	10	33	39
chr6	129672141	129673546	14	3	215	4	9	0	218	35	24	23	2	0	69	12	6	10	128	37	17	27
chr6	158792590	158792892	3	8	61	26	4	0	65	51	2	5	0	0	11	0	6	0	20	0	6	2
chr6	117497603	117498709	12	0	116	33	26	4	204	46	12	12	5	0	36	12	6	2	162	41	12	10
chr6	123056862	123057925	9	0	110	24	27	10	207	42	74	94	2	0	27	0	11	0	191	28	89	93
chr6	35486582	35487398	6	0	187	30	4	0	75	0	12	8	2	0	6	0	2	0	23	17	6	6
chr6	113631617	113632312	1	0	123	20	4	6	184	32	14	11	0	0	2	12	0	0	39	13	0	5
chr6	79538266	79538791	3	1	43	105	2	0	28	88	13	20	0	0	1	36	0	0	37	91	6	4
chr6	12671247	12673063	22	123	8	0	28	163	2	28	33	45	0	10	0	0	12	70	2	0	22	22
chr6	53613778	53614900	12	0	373	124	16	0	356	26	18	6	0	0	30	0	2	0	102	14	18	10
chr6	47459287	47459970	0	0	185	26	0	0	216	38	2	0	2	0	36	18	2	0	179	68	2	0
chr6	45422355	45424640	30	4	411	901	28	0	285	725	30	18	6	0	88	215	24	6	304	910	22	32
chr6	106798050	106799561	10	2	178	64	12	0	255	32	20	16	0	0	64	2	14	8	212	30	24	24
chr6	158868050	158869643	18	6	450	124	17	0	486	55	24	16	10	0	126	20	10	2	434	88	8	20
chr6	152983347	152983724	0	0	99	106	12	0	68	128	30	22	4	0	40	28	6	0	77	94	8	16
chr6	21021589	21022270	4	2	280	48	5	0	325	34	4	10	2	0	74	26	12	6	257	30	8	8
chr6	82248227	82249700	14	4	352	314	16	0	460	330	50	43	6	0	166	90	16	2	433	151	54	37
chr6	28204441	28206196	2	80	0	6	1	50	4	10	14	19	2	18	0	0	8	44	0	20	13	12
chr6	158068021	158068884	12	2	152	52	11	0	158	8	43	32	4	4	61	17	15	0	96	2	27	10
chr6	106628773	106629535	4	0	147	340	16	0	131	288	18	20	1	0	62	155	10	0	102	174	0	10
chr6	122790731	122791182	8	0	58	6	8	0	40	81	2	0	0	0	18	28	0	4	6	32	5	6
chr6	18154000	18155043	4	6	191	383	6	0	171	310	14	18	0	0	8	20	8	0	44	121	4	20
chr6	21587005	21587535	5	0	53	149	2	0	49	124	4	10	1	0	23	25	2	0	61	121	11	4
chr6	107660475	107660907	4	0	84	38	2	0	77	20	6	6	2	0	36	8	8	0	60	4	6	0
chr6	157984638	157986393	19	2	218	277	42	6	190	77	30	36	4	0	94	40	15	0	160	127	24	33
chr6	36873857	36874272	9	0	43	123	7	2	54	78	10	12	2	0	8	39	3	0	30	90	8	14
chr6	11042097	11043504	3	55	0	6	7	38	0	0	14	13	6	3	0	0	8	44	0	10	8	7
chr6	26189223	26189658	5	0	53	89	0	0	42	20	6	8	0	0	2	17	8	0	43	56	10	2
chr6	73969946	73970236	49	1	3	0	65	8	2	8	4	14	22	0	0	6	53	3	0	0	5	5
chr6	35298215	35298579	17	0	44	69	9	2	16	23	10	14	0	0	2	2	0	0	7	26	8	7
chr6	42137402	42138114	4	2	182	82	10	0	187	65	16	4	0	0	48	34	2	0	179	43	2	8
chr6	161833780	161835052	16	47	2	12	4	43	4	0	24	15	5	6	0	0	4	13	0	0	10	8
chr6	14118023	14118350	1	2	25	38	3	0	6	20	11	8	0	0	0	12	0	4	10	24	6	7
chr6	159760978	159762611	26	4	692	760	38	0	557	524	86	78	13	0	150	264	17	4	383	542	50	60
chr6	45421166	45422004	6	4	276	236	8	0	255	238	8	14	0	0	76	50	2	0	215	267	14	10
chr6	150051079	150051708	6	26	6	0	6	44	10	8	13	10	2	10	0	3	2	32	2	0	10	10
chr6	39371192	39373660	12	40	2	2	10	91	2	14	22	20	2	20	0	0	14	82	0	0	18	22
chr6	153125433	153126084	0	2	133	32	4	4	120	48	8	12	0	0	10	8	0	4	41	2	0	4
chr6	148766023	148766661	8	8	42	27	15	0	118	17	19	20	0	4	18	0	14	0	80	22	16	4
chr6	54847423	54848444	8	6	96	213	2	1	92	127	8	10	4	2	0	33	4	8	22	22	6	12
chr6	74249545	74252195	26	33	65	18	31	6	400	56	31	28	0	0	29	28	15	0	306	10	7	20
chr6	89432853	89433532	145	10	8	75	196	6	12	157	16	18	65	0	0	47	150	6	2	86	18	22
chr6	142376973	142377361	7	0	91	30	2	4	63	22	9	6	0	0	12	0	2	1	24	3	2	8
chr6	109293352	109296634	30	12	703	158	40	14	718	119	55	56	8	0	62	12	24	2	201	36	13	16
chr6	39199132	39201944	41	0	370	94	40	2	427	56	66	48	4	0	106	4	10	0	407	76	26	56
chr6	45587236	45587670	0	4	126	5	2	2	74	8	4	4	2	4	18	0	4	2	64	20	7	13
chr6	107958433	107958882	2	0	57	113	6	2	46	85	4	0	0	0	10	24	1	0	54	100	6	8
chr6	160255012	160255485	12	0	80	10	10	0	118	30	30	36	6	0	30	6	8	0	90	2	14	20
chr6	137023577	137024178	4	0	173	28	2	0	138	14	2	10	0	0	28	26	2	0	138	2	0	1
chr6	34057250	34058852	12	32	4	4	19	102	16	0	32	33	2	22	0	0	10	44	11	10	31	25
chr6	7547478	7548419	10	0	239	115	8	0	160	34	2	9	2	1	47	0	0	0	24	2	4	0
chr6	11092992	11093704	12	2	172	247	12	0	164	235	25	13	0	1	43	58	5	2	82	284	6	30
chr6	89638466	89639039	12	0	147	195	18	0	83	100	34	18	2	0	50	38	2	0	72	116	22	22
chr6	43925800	43927639	22	2	249	116	24	2	447	61	32	55	2	0	77	28	22	0	316	58	49	36
chr6	46011183	46011606	6	0	65	36	3	6	65	16	8	7	0	0	20	4	4	1	34	27	5	8
chr6	107957141	107957818	1	2	163	262	4	0	116	249	6	8	0	0	26	98	2	0	93	226	8	10
chr6	33632913	33633311	5	0	64	67	9	0	37	73	6	6	1	0	12	19	10	0	11	81	8	4
chr6	153001317	153003023	10	8	212	584	17	0	144	452	63	76	0	0	22	45	9	0	71	120	33	31
chr6	56683412	56683787	4	2	64	8	6	0	52	7	4	4	0	0	10	0	0	0	8	0	4	6
chr6	105759752	105760265	2	0	116	0	2	0	56	0	10	6	0	0	30	0	0	0	32	14	10	6
chr6	106516420	106516886	5	0	17	10	0	0	41	4	6	7	0	0	6	0	2	0	21	8	8	6
chr6	34719406	34720298	2	8	220	54	8	2	208	57	14	10	6	0	79	18	4	4	79	34	3	5
chr6	12961013	12962221	6	36	0	0	12	36	0	0	8	12	2	14	0	0	5	37	1	2	4	13
chr6	71402726	71403535	2	0	159	30	10	3	160	136	2	2	4	0	44	27	8	1	92	83	2	0
chr6	158852212	158853442	8	0	920	182	12	0	843	60	12	23	6	0	254	40	6	0	619	132	10	20
chr6	125956781	125957455	21	0	246	528	22	0	218	324	12	14	6	0	26	130	12	2	116	471	12	4
chr6	27019438	27020853	46	8	352	880	22	4	432	747	34	38	14	0	94	224	8	8	329	668	33	53
chr6	74534194	74534700	0	0	66	12	0	0	64	24	10	7	1	0	26	0	2	0	43	14	0	2
chr6	163687306	163688412	8	77	0	0	1	80	2	0	22	27	4	34	0	0	10	50	0	0	15	15
chr6	157688603	157689202	4	0	81	56	4	4	67	36	6	6	2	4	6	14	2	0	53	58	0	4
chr6	75735028	75735456	2	0	102	4	12	4	97	0	10	2	0	0	16	4	1	2	86	14	0	0
chr6	12010435	12010778	8	4	45	77	3	0	38	30	4	2	0	0	2	19	3	0	30	49	7	0
chr6	42929139	42929641	2	0	96	105	8	0	56	96	14	14	2	0	26	16	2	0	57	90	14	20
chr6	143545294	143546394	2	0	238	46	4	0	163	24	9	12	2	0	52	16	0	0	125	40	4	4
chr6	39279119	39280319	16	4	357	22	12	0	316	22	12	39	2	0	123	0	3	0	232	0	20	23
chr6	45419716	45420444	8	0	122	140	8	0	109	152	4	11	0	0	18	4	10	0	32	52	4	4
chr6	24666836	24667807	16	0	133	163	9	0	101	195	32	22	4	0	21	90	10	2	50	101	10	28
chr6	36886034	36887070	14	0	75	274	4	8	70	329	4	12	0	0	40	88	0	0	62	234	0	8
chr6	116277514	116278048	0	0	31	95	2	2	13	55	4	2	2	0	16	12	10	0	6	56	8	12
chr6	42216516	42216850	9	0	13	84	10	0	11	49	6	2	0	0	14	2	4	0	21	60	14	0
chr6	158167218	158168013	2	0	112	341	4	0	78	211	4	10	2	0	16	116	8	0	54	176	10	16
chr6	114715558	114716637	21	39	0	2	4	74	2	0	23	19	4	16	8	0	1	54	0	0	17	10
chr6	138163379	138163729	6	0	25	54	2	0	31	46	0	2	0	0	0	18	1	0	27	41	2	0
chr6	63978299	63978757	1	27	0	0	3	44	0	0	10	4	0	11	0	0	6	20	2	0	9	0
chr6	148177395	148177747	13	7	0	0	38	10	0	0	8	15	3	0	0	0	23	0	10	0	14	6
chr6	159789871	159791009	8	2	602	707	30	2	302	586	82	80	4	0	130	231	20	0	252	454	44	80
chr6	163308970	163309868	10	8	66	10	23	10	232	46	18	18	0	0	34	0	0	0	133	42	8	19
chr6	109482336	109483631	19	0	158	643	11	0	116	531	26	26	4	2	51	213	16	8	104	344	19	27
chr6	56694302	56694908	6	1	90	26	4	2	120	28	11	6	0	0	19	22	2	2	72	4	4	15
chr6	71419944	71420706	20	0	279	460	14	0	187	334	8	16	2	0	22	108	18	0	203	366	16	16
chr6	166381965	166383757	43	2	532	992	43	3	347	830	119	102	14	0	138	203	60	0	210	819	86	112
chr6	138818160	138818760	0	0	258	52	8	0	147	10	8	6	0	0	44	34	0	0	116	0	12	4
chr6	160386923	160387513	32	8	140	50	12	6	109	16	47	48	5	0	34	10	20	0	76	22	22	36
chr6	41824662	41825146	2	0	75	22	2	0	100	19	16	14	0	0	18	0	2	0	62	26	6	4
chr6	49557193	49558082	4	0	125	7	4	0	62	6	8	8	1	0	8	0	6	8	76	18	6	1
chr6	87589317	87591048	16	0	282	785	20	2	198	658	31	50	12	0	38	190	14	0	154	670	15	12
chr6	154509258	154510062	6	0	168	289	10	0	150	218	14	8	2	0	18	54	6	2	130	268	10	4
chr6	127343704	127344268	2	0	77	226	4	0	62	156	10	14	0	0	20	28	0	1	103	165	4	2
chr6	18054710	18055273	6	0	132	0	2	0	84	14	14	12	2	0	22	0	3	0	73	16	8	16
chr6	75748369	75749082	6	0	246	130	12	0	235	104	6	8	0	0	46	30	0	0	102	189	6	0
chr6	150418400	150419318	70	5	88	110	149	2	164	280	27	16	12	0	68	48	72	0	100	139	17	13
chr6	64682841	64684514	12	21	29	12	6	14	153	6	20	17	0	0	18	8	6	0	79	8	2	10
chr6	109440014	109440612	4	0	236	338	14	0	194	322	14	4	0	0	47	138	6	2	117	227	6	2
chr6	162727983	162728631	9	0	66	158	9	2	61	174	53	50	2	0	28	28	11	0	54	120	50	37
chr6	18547028	18548215	10	61	0	2	9	35	0	8	14	13	0	20	0	0	4	45	0	0	8	25
chr6	39225529	39226826	4	0	104	118	10	0	162	152	28	24	4	0	58	30	6	0	64	100	6	6
chr6	116371362	116372428	10	45	4	94	8	55	0	128	10	10	0	12	0	44	0	50	4	68	2	10
chr6	13813765	13814823	21	0	189	451	17	2	181	324	24	16	4	0	18	89	6	12	142	373	10	15
chr6	33570784	33571295	6	5	36	155	3	2	28	134	6	8	0	0	2	34	2	6	34	116	1	6
chr6	129765151	129768065	12	120	2	14	14	122	0	14	26	29	2	45	0	2	24	106	3	2	16	36
chr6	168035245	168036452	14	3	116	415	13	2	186	282	24	30	2	0	70	96	15	4	181	146	26	40
chr6	131958382	131958889	6	0	159	6	0	0	87	12	2	7	0	0	28	10	4	0	61	10	4	0
chr6	41327141	41330347	70	186	2	0	23	261	12	0	56	60	12	89	0	0	28	243	2	0	43	37
chr6	164026142	164027304	14	47	1	0	8	67	0	0	26	24	0	31	0	0	3	41	0	0	13	17
chr6	35297398	35297703	31	2	71	56	29	0	59	30	14	17	6	0	2	22	24	0	34	38	14	13
chr6	16932991	16934190	8	60	0	0	6	52	4	0	18	14	2	4	0	0	4	34	2	0	3	4
chr6	26700870	26709653	137	697	24	45	220	1165	42	28	431	503	0	6	0	0	0	0	0	0	2	0
chr6	158770820	158771367	0	0	90	20	11	0	86	2	12	20	2	0	14	0	4	0	14	0	14	11
chr6	12328886	12330507	4	2	71	14	28	8	190	8	10	12	0	0	13	0	14	0	103	24	13	18
chr6	160299592	160300184	4	0	242	74	6	4	136	38	10	15	0	0	4	0	2	0	75	38	4	6
chr6	159063680	159064850	18	59	2	8	6	97	10	0	22	24	6	22	0	0	9	77	0	0	15	14
chr6	37738933	37740394	9	106	0	0	15	52	0	8	28	23	2	15	20	0	6	40	2	0	20	28
chr6	33619976	33621293	18	4	570	617	25	0	364	305	58	52	4	2	65	117	17	2	183	530	39	38
chr6	89990771	89991457	8	42	6	0	0	42	0	0	15	4	0	6	0	0	9	28	12	0	3	6
chr6	131082990	131083924	6	0	136	26	4	2	115	16	21	15	2	0	32	10	6	0	71	10	5	15
chr6	371163	372332	117	354	16	56	115	275	16	16	237	260	54	181	18	52	46	132	2	0	85	87
chr6	42110933	42111566	7	2	65	8	8	2	93	42	17	10	4	0	4	0	2	0	44	2	3	8
chr6	37134818	37137200	22	2	520	138	24	0	853	78	44	34	6	0	156	46	32	0	556	11	22	36
chr6	135053873	135055462	28	0	375	726	20	0	290	704	64	88	16	0	84	134	24	2	255	596	54	58
chr6	12864828	12865593	14	55	0	0	16	68	0	0	22	25	0	4	2	0	6	62	0	8	32	34
chr6	26198382	26198993	4	0	162	182	4	0	163	168	5	18	0	0	58	54	0	2	111	95	1	4
chr6	106728426	106729007	8	2	83	6	4	4	120	2	6	10	0	0	16	20	12	0	38	0	2	6
chr6	36986693	36987269	6	0	83	90	6	4	40	17	8	10	2	0	8	14	6	0	28	57	0	6
chr6	27145269	27146896	6	8	492	674	24	0	344	473	26	25	6	0	122	142	14	2	362	365	16	26
chr6	43773742	43774349	10	0	101	98	16	0	122	100	16	8	0	0	6	20	14	0	69	124	6	8
chr6	87407994	87409357	48	14	172	902	38	12	134	585	69	103	0	6	60	207	29	0	95	494	60	72
chr6	87322430	87322957	75	2	50	166	63	2	41	182	36	34	10	0	28	10	31	2	74	148	52	35
chr6	46129440	46130280	12	4	85	429	12	0	42	160	56	66	0	0	2	65	10	6	52	242	46	54
chr6	27865245	27865818	0	0	236	308	14	8	177	229	19	4	2	0	24	92	16	0	110	224	4	6
chr6	11232048	11232619	12	0	114	175	12	0	145	312	28	10	6	0	52	42	4	0	88	199	8	4
chr6	136549269	136550689	100	2	320	731	93	0	354	625	63	53	32	0	78	202	103	2	224	396	69	53
chr6	45447366	45447911	0	0	21	8	4	0	32	7	4	6	2	0	8	0	2	0	18	0	6	4
chr6	39227832	39229227	14	2	436	661	14	6	361	714	18	14	6	0	101	110	10	8	471	500	18	14
chr6	35496932	35497649	8	2	130	97	10	0	131	247	24	22	0	0	20	55	4	0	82	142	18	12
chr6	36197375	36197888	0	2	80	273	0	0	58	165	2	10	0	0	18	46	0	0	72	164	4	4
chr6	157322730	157323282	5	4	90	330	6	0	31	201	4	10	0	0	14	101	0	0	62	123	4	6
chr6	150491101	150491627	7	0	188	40	8	0	262	84	25	27	2	2	56	24	0	0	168	23	4	18
chr6	128830110	128830675	10	62	0	0	10	42	0	0	13	13	0	20	0	0	4	35	3	0	12	10
chr6	52419530	52420129	6	0	162	207	8	0	88	227	8	12	0	0	34	24	8	0	143	168	4	21
chr6	158800466	158802239	15	4	330	279	21	0	416	216	46	42	6	0	79	80	18	0	256	152	10	28
chr6	109381767	109385064	64	12	1301	1136	106	18	1503	1176	120	102	24	0	384	344	78	10	861	630	78	68
chr6	27867891	27868413	0	0	97	32	4	2	54	2	4	2	0	0	14	6	6	0	38	20	0	0
chr6	113632749	113633294	13	0	120	14	0	0	123	90	9	7	1	0	37	14	0	0	99	20	2	4
chr6	163415056	163416135	2	0	260	432	6	6	298	396	14	4	6	0	100	106	0	0	154	293	4	10
chr6	20212618	20213447	8	0	573	200	24	2	571	184	40	31	6	2	70	56	14	0	371	233	14	14
chr6	16731023	16731489	6	0	83	10	4	1	79	24	3	1	0	0	10	0	4	1	67	20	4	4
chr6	47841763	47843952	18	106	4	2	24	130	0	3	30	37	0	23	0	0	13	98	12	18	26	28
chr6	52388865	52391283	21	0	647	172	22	8	779	152	54	122	6	0	119	14	36	12	655	98	26	46
chr6	13988684	13991627	23	174	0	0	47	335	2	0	55	78	2	16	0	0	22	136	2	0	44	46
chr6	125986500	125987043	15	0	95	224	10	2	151	329	18	16	2	0	14	50	2	0	112	263	8	12
chr6	12011367	12012018	14	0	300	259	20	0	177	266	24	42	0	0	48	58	12	4	128	237	18	24
chr6	132614032	132615716	12	6	595	176	6	0	510	208	4	10	4	2	147	42	14	0	393	103	20	8
chr6	132815635	132817010	8	8	55	267	19	2	90	386	10	20	5	0	35	63	16	0	49	238	12	12
chr6	157952408	157954059	12	0	607	201	20	0	315	20	38	40	0	0	46	8	8	4	158	36	14	15
chr6	153124278	153124702	8	2	54	4	3	5	49	9	6	10	0	0	2	13	2	0	8	20	6	8
chr6	34554449	34555571	18	0	139	309	14	2	252	455	52	49	6	0	32	84	12	2	112	341	28	20
chr6	39197774	39198781	26	0	139	26	14	0	171	0	23	3	0	0	26	0	12	5	109	26	10	13
chr6	159788508	159789361	8	0	215	550	0	0	107	225	8	8	0	0	54	110	0	0	104	231	4	6
chr6	56842129	56844310	52	19	469	1127	62	6	445	1118	57	56	4	0	184	190	44	0	491	708	44	46
chr6	168355909	168356358	129	13	52	22	177	4	16	84	25	27	10	0	2	10	103	0	7	11	29	23
chr6	125790062	125791254	8	0	380	751	22	4	398	806	46	48	12	0	64	220	10	4	243	530	48	48
chr6	137045425	137046023	10	0	86	23	15	4	106	53	7	11	2	0	32	9	4	2	75	8	6	4
chr6	24403916	24404337	8	2	52	146	4	1	21	121	16	8	0	4	6	2	8	7	34	47	6	13
chr6	27177281	27177906	27	0	79	232	25	4	82	403	10	11	2	0	6	50	15	10	40	83	10	6
chr6	43830924	43831322	13	4	84	29	4	0	64	21	20	10	2	8	4	0	7	9	28	0	7	18
chr6	41070725	41071489	8	2	84	87	1	0	113	98	4	10	0	0	34	6	1	2	64	80	10	2
chr6	170105810	170107508	19	49	0	0	3	94	1	6	19	18	6	23	0	10	4	35	0	0	4	8
chr6	53611875	53613047	10	0	73	40	8	0	141	6	2	4	2	0	8	4	2	0	54	0	4	1
chr6	158849083	158850681	24	4	826	152	12	2	867	132	28	28	2	0	180	16	22	2	604	102	23	38
chr6	35467802	35468279	10	0	72	96	9	0	83	118	4	4	6	0	10	4	5	2	57	112	14	14
chr6	41683342	41683972	145	0	56	170	220	7	58	91	22	30	17	0	11	27	127	0	30	149	50	22
chr6	26120397	26121228	4	0	242	54	0	0	418	72	6	8	2	0	64	6	0	0	267	40	6	4
chr6	33710587	33712275	61	2	206	492	82	2	165	393	39	62	6	0	54	130	20	0	120	270	20	36
chr6	125625240	125626751	2	38	2	0	3	54	0	0	10	6	0	14	0	0	2	30	0	0	6	8
chr6	165862613	165862947	4	20	0	0	4	35	0	0	14	6	2	6	0	0	0	5	0	0	5	3
chr6	52420351	52421204	10	0	139	378	10	0	88	377	8	12	0	0	16	90	14	0	81	278	8	7
chr6	137649137	137649669	6	0	160	34	4	0	118	16	4	7	0	0	42	0	0	0	74	11	4	8
chr6	149983915	149986138	31	190	10	8	34	206	6	6	68	62	7	65	5	0	39	174	5	4	38	54
chr6	170152533	170153060	10	12	12	66	15	40	21	82	20	15	0	9	0	14	6	37	0	12	20	10
chr6	158762912	158764506	19	0	174	28	20	0	139	5	43	27	4	0	19	0	19	0	31	0	25	26
chr6	125529457	125530419	4	24	0	0	8	44	6	0	4	11	1	5	0	0	0	40	2	0	4	10
chr6	26103974	26105301	29	0	232	318	16	10	173	212	20	27	4	0	56	31	27	8	180	167	16	13
chr6	52881860	52882462	7	2	70	112	15	0	99	94	8	14	2	0	22	28	6	2	83	34	7	10
chr6	34756624	34757292	2	0	251	165	9	2	177	210	6	4	3	0	21	43	4	0	117	182	16	20
chr6	35392041	35392622	12	2	102	4	10	0	112	48	14	8	0	0	8	4	4	0	77	48	10	4
chr6	158803769	158804855	16	2	415	295	14	2	454	248	10	36	2	2	109	23	9	0	307	240	22	10
chr6	158572221	158572565	2	0	184	116	0	0	89	58	23	22	2	0	35	28	6	0	66	38	18	18
chr6	28355782	28356684	40	0	213	224	30	4	127	192	14	33	4	2	14	68	13	0	89	158	21	20
chr6	132612840	132613254	4	1	78	23	6	0	85	5	12	20	0	0	14	11	5	0	47	0	6	12
chr6	168332112	168333638	41	4	208	129	50	8	182	98	40	29	18	2	48	8	33	3	168	34	36	15
chr6	12343518	12344522	14	2	235	54	4	2	242	56	27	34	2	0	40	2	8	2	203	26	31	38
chr6	39815548	39817072	22	64	0	0	12	76	0	0	26	63	6	6	0	0	15	60	4	0	27	45
chr6	137978577	137979421	27	2	385	112	27	2	170	80	16	34	2	0	54	22	2	0	35	28	13	18
chr6	34609875	34610237	4	0	88	10	9	0	60	34	4	9	1	0	4	0	4	0	31	16	2	8
chr6	47039232	47040409	9	0	180	341	10	8	172	203	18	16	0	0	40	48	8	4	128	186	12	20
chr6	36195953	36196572	10	0	240	282	34	0	223	383	14	28	4	0	16	140	22	0	145	160	12	12
chr6	132813939	132815253	24	0	504	1278	30	2	408	1054	48	72	4	0	98	304	12	0	314	716	44	42
chr6	26271892	26272770	11	0	419	330	12	0	437	293	20	20	0	2	64	90	20	0	222	250	12	12
chr6	20210470	20210889	10	0	111	59	0	0	41	43	6	0	0	0	2	0	1	2	22	44	2	0
chr6	132513133	132513728	2	6	142	248	8	0	72	196	8	33	0	0	28	52	0	0	62	140	14	23
chr6	132610692	132611242	4	0	77	0	4	1	69	0	0	2	0	0	12	8	2	0	36	0	4	0
chr6	33578503	33580047	18	0	692	785	18	6	385	556	16	28	4	0	28	125	10	8	123	222	16	10
chr6	159727198	159728450	38	0	1005	1513	28	4	830	1251	40	66	6	0	186	446	22	0	528	731	36	40
chr6	151669040	151669758	3	2	126	11	16	4	139	100	28	44	0	0	40	9	2	2	59	52	32	14
chr6	52332124	52334164	19	0	440	14	16	6	416	96	32	62	6	4	89	22	34	4	228	24	36	48
chr6	142374488	142374861	0	0	54	10	2	0	40	20	2	2	2	0	14	0	0	8	16	13	1	0
chr6	159692019	159694829	22	8	596	736	36	6	464	747	54	68	5	0	160	204	14	6	319	330	50	48
chr6	137118569	137119332	4	6	74	3	9	0	132	20	16	17	2	0	7	0	16	3	28	14	10	6
chr6	26295401	26295999	0	3	82	78	7	4	88	58	8	18	0	0	14	6	2	0	75	51	4	6
chr6	28251681	28252246	0	0	40	224	0	0	28	229	14	10	4	0	16	64	2	0	12	138	4	8
chr6	138486078	138486774	6	2	93	47	6	0	53	2	14	14	0	4	9	4	8	0	55	4	6	10
chr6	136287903	136288544	2	0	58	136	2	2	34	177	16	12	4	0	10	34	6	1	24	110	4	0
chr6	97281851	97283596	10	2	127	492	46	6	107	450	53	62	0	0	28	104	6	0	54	337	50	28
chr6	28212598	28213139	13	15	26	114	6	31	28	138	12	21	0	0	12	26	5	2	29	82	4	11
chr6	87151613	87152641	22	1	147	603	34	6	96	523	36	74	2	0	24	162	10	13	56	332	26	26
chr6	20534180	20534976	6	0	109	232	0	0	55	313	3	13	0	4	35	80	0	0	27	142	6	4
chr6	109455344	109456047	8	0	72	217	8	0	58	247	14	4	0	0	20	71	2	2	58	98	10	14
chr6	26102946	26103329	4	0	79	30	12	0	119	8	4	4	0	0	5	0	0	0	48	13	6	2
chr6	19803554	19805722	28	19	773	688	82	63	626	718	97	139	7	2	94	188	27	32	496	414	79	64
chr6	131896059	131896430	6	7	28	8	2	0	32	4	9	2	1	0	1	0	3	0	12	6	0	0
chr6	99568063	99568700	8	0	221	547	2	0	238	363	8	6	5	0	44	97	10	4	143	316	4	6
chr6	24867274	24868728	14	37	6	8	9	50	0	0	32	24	0	2	0	0	6	26	0	18	23	20
chr6	125756188	125757977	14	78	8	0	16	138	4	18	31	24	0	22	2	0	11	63	2	26	31	24
chr6	39213968	39215170	11	2	82	40	4	0	180	34	12	20	0	0	20	0	2	2	117	32	4	8
chr6	39008747	39009865	10	27	1	0	20	50	0	0	10	21	1	7	0	0	2	41	0	0	18	16
chr6	41191467	41192332	49	33	0	6	36	52	4	0	29	14	5	11	0	2	16	57	6	0	20	30
chr6	12332645	12332981	0	2	38	9	0	0	42	0	0	0	0	0	8	1	2	0	22	0	0	4
chr6	37204588	37206002	35	0	439	31	24	0	243	30	49	41	12	0	30	0	20	4	99	33	29	26
chr6	82247134	82247784	8	0	308	518	10	0	273	450	14	8	2	0	98	82	14	0	223	277	8	10
chr6	14210641	14211409	92	0	91	484	122	3	50	451	62	50	6	0	44	89	93	4	62	270	42	47
chr6	136789767	136790768	8	2	131	230	12	0	90	128	14	14	10	4	20	20	8	0	70	132	6	10
chr6	42226131	42227554	20	0	535	110	8	0	403	54	24	30	0	0	90	26	12	0	272	52	10	18
chr6	13573800	13575495	70	2	607	548	98	2	470	400	18	36	24	0	84	141	66	0	251	306	16	16
chr6	137219576	137220159	2	0	165	31	8	0	168	56	6	10	0	0	32	22	2	0	72	28	2	10
chr6	24719415	24721792	28	4	663	901	26	2	599	532	76	82	8	0	122	170	26	0	387	372	96	68
chr6	20238649	20240169	16	6	599	68	18	2	327	22	32	22	4	4	44	18	6	0	157	0	27	24
chr6	52351700	52352511	2	2	284	10	0	0	293	18	8	8	0	0	53	0	2	0	174	24	0	4
chr6	170583377	170585259	12	0	370	640	26	2	323	835	28	33	2	0	64	166	10	2	187	510	11	23
chr6	116100062	116102167	21	2	407	797	36	2	427	600	61	43	12	2	54	152	36	0	265	448	28	22
chr6	108847865	108848332	9	0	52	212	3	2	67	203	16	20	0	2	22	48	4	6	52	92	16	27
chr6	116253527	116254419	8	0	178	614	10	2	177	548	70	34	4	0	48	126	20	0	88	333	40	42
chr6	90386791	90388409	4	68	10	2	21	80	14	0	15	25	2	29	2	2	6	49	0	2	14	22
chr6	47403305	47403683	0	4	92	38	0	0	52	0	4	2	0	0	3	0	6	0	28	14	2	3
chr6	133895771	133896204	8	10	38	72	2	3	57	60	4	8	0	0	15	0	6	0	31	14	4	8
chr6	16732021	16732487	2	0	39	28	1	0	79	2	2	8	0	0	0	2	2	0	36	2	2	2
chr6	34744149	34746998	32	6	1130	246	47	6	963	166	62	70	8	0	190	34	13	14	735	76	38	49
chr6	33577023	33577922	8	0	207	70	28	4	109	90	14	30	0	0	20	14	4	0	71	20	22	14
chr6	159051629	159054949	26	157	0	8	20	171	0	28	44	27	8	25	0	4	20	82	8	0	16	8
chr6	89352599	89353212	8	0	74	100	6	8	62	135	38	20	2	0	8	35	8	0	24	61	20	30
chr6	11188460	11188804	2	0	60	12	14	2	80	48	8	6	3	0	12	0	5	0	57	20	7	2
chr6	116571349	116571986	29	0	111	236	4	0	76	220	49	44	0	0	6	50	4	0	28	62	37	19
chr6	158168287	158168886	16	0	224	228	20	0	184	416	16	16	2	0	32	108	0	0	140	141	7	18
chr6	99424845	99425928	8	4	476	590	8	0	402	347	30	24	2	0	94	114	14	0	241	251	20	26
chr6	166126160	166127448	26	109	8	4	14	51	8	0	36	81	2	10	4	0	4	66	0	0	26	28
chr6	159078567	159079075	8	56	0	0	2	33	1	20	18	6	3	10	0	0	4	50	0	0	11	6
chr6	39215705	39216413	4	0	131	49	20	0	174	28	22	18	0	0	40	2	12	0	108	10	4	6
chr6	127342337	127342779	6	2	56	67	4	2	57	86	5	12	0	0	11	10	8	4	39	57	10	6
chr6	158799046	158800120	36	4	269	173	30	2	217	78	36	48	4	0	26	40	20	0	151	76	28	24
chr6	159725931	159726812	2	0	162	462	2	2	196	257	12	19	0	0	10	106	2	0	111	202	6	10
chr6	56684243	56684779	6	0	58	27	5	0	65	4	8	11	2	0	0	0	4	0	43	2	2	6
chr6	41740343	41741426	7	0	296	62	9	0	225	4	24	28	2	0	41	6	6	0	156	26	32	12
chr6	116058261	116059083	2	2	177	274	6	0	260	377	2	6	0	2	48	90	0	2	106	184	12	6
chr6	35259739	35260630	6	0	189	350	14	0	141	338	32	32	1	2	36	46	6	0	79	266	23	16
chr6	16760265	16761268	10	0	632	936	26	0	510	641	20	8	0	0	128	138	8	0	347	525	6	12
chr6	158788678	158789352	12	0	82	24	10	2	140	70	17	22	4	0	4	28	14	0	18	9	6	11
chr6	158560096	158561053	8	0	557	600	18	2	369	652	8	12	6	0	68	116	6	2	252	472	20	18
chr6	45532197	45534347	34	4	444	126	26	10	578	50	28	32	4	0	35	0	12	4	274	38	14	20
chr6	41734407	41735596	12	0	505	779	16	4	264	669	16	18	4	0	94	65	24	0	200	589	24	16
chr6	109690024	109691167	12	2	190	743	24	8	194	678	45	25	4	0	32	190	22	10	162	323	24	14
chr6	41074567	41075236	11	0	97	119	6	1	35	147	6	11	0	0	8	15	4	0	19	58	8	6
chr6	129709709	129710265	16	0	323	279	6	2	300	147	18	20	0	0	40	56	2	0	164	157	12	8
chr6	137873571	137874150	7	2	94	59	8	2	55	28	2	8	1	0	32	6	2	2	37	12	0	2
chr6	156883200	156883851	7	2	206	88	6	2	205	147	8	12	0	0	18	34	8	2	100	96	18	12
chr6	138104515	138105200	6	2	110	175	4	0	109	194	10	4	4	0	14	26	4	2	69	150	2	2
chr6	15248050	15248595	20	0	98	243	42	0	56	169	14	10	4	0	10	38	20	0	38	147	10	10
chr6	20211382	20212130	2	2	279	296	5	0	165	251	8	8	0	0	47	46	8	0	123	190	2	8
chr6	20630576	20630916	12	0	107	32	0	4	28	15	4	6	0	0	9	0	4	0	37	0	6	0
chr6	16762718	16763282	2	0	55	118	4	0	50	115	0	4	4	0	16	18	0	0	50	58	2	2
chr6	27147096	27148159	4	0	344	427	15	2	230	284	13	23	0	0	16	40	8	4	87	181	15	18
chr6	45590563	45590933	4	0	50	17	0	0	75	0	10	5	0	0	14	4	2	2	42	0	2	2
chr6	139655662	139656701	8	0	195	46	2	0	84	4	10	12	0	0	23	8	4	4	62	20	7	4
chr6	35919166	35919705	2	0	94	152	3	0	75	104	4	10	2	0	18	22	2	0	63	76	4	2
chr6	47112611	47113304	20	2	96	3	8	0	75	14	13	13	0	0	8	0	10	4	40	0	14	4
chr6	20629871	20630334	1	0	77	26	10	6	53	33	10	17	1	0	16	0	11	0	24	0	4	12
chr6	37102702	37103278	8	0	111	52	2	0	149	47	10	10	0	0	4	56	0	0	28	16	2	11
chr6	45930341	45930825	145	4	17	0	163	5	5	2	28	18	26	0	0	0	117	0	7	19	10	23
chr6	160300748	160301428	2	6	108	0	2	0	87	23	14	12	0	0	14	0	12	8	29	0	8	4
chr6	16725790	16726663	8	6	165	32	10	0	145	48	6	4	0	0	28	12	8	4	78	24	10	10
chr6	151044644	151045103	6	0	69	24	2	0	56	86	32	32	4	0	10	20	9	1	58	2	8	14
chr6	43799086	43800060	20	2	288	61	16	2	129	26	36	24	0	0	44	13	10	2	122	14	8	15
chr6	138505533	138505921	6	0	61	8	4	3	59	10	3	0	0	0	20	0	0	0	24	0	2	0
chr6	52361437	52363226	4	0	782	1011	24	2	726	1208	38	62	2	1	90	216	22	0	412	826	42	28
chr6	12008757	12009147	8	0	125	196	6	0	102	137	10	18	0	0	28	22	4	0	89	96	9	5
chr6	156720470	156721192	4	2	330	56	2	0	232	44	4	10	0	0	38	0	2	0	117	10	4	2
chr6	100901972	100902291	2	2	37	12	3	8	46	0	8	2	0	0	4	2	4	0	6	12	4	3
chr6	170555133	170555739	4	0	44	83	14	0	21	103	8	10	2	6	0	28	2	2	7	62	0	4
chr6	157020666	157021639	17	6	457	590	26	0	308	612	16	16	6	4	120	90	14	0	205	359	8	8
chr6	53061874	53062376	4	0	70	114	3	4	84	175	4	14	4	0	10	10	6	0	68	48	0	6
chr6	89298264	89298904	6	0	278	83	4	0	200	32	12	6	0	0	47	2	0	2	139	49	6	2
chr6	106545453	106546081	6	0	85	34	12	4	47	12	2	1	6	0	6	0	6	0	57	0	12	19
chr6	26124141	26124999	6	6	532	903	7	2	384	725	42	37	2	0	63	184	12	6	196	536	23	21
chr6	81937253	81937779	6	0	35	2	6	2	44	2	2	4	0	0	6	0	0	6	10	0	4	4
chr6	157981448	157981815	60	0	52	100	50	0	28	114	40	30	4	0	15	24	18	0	19	78	22	14
chr6	53634477	53635366	5	6	63	46	13	4	70	1	4	8	1	0	12	0	10	0	58	6	32	23
chr6	136568413	136568953	2	2	72	20	2	0	70	2	5	0	6	0	13	0	2	0	29	6	2	8
chr6	136791252	136792321	22	0	473	766	10	0	365	709	27	30	2	0	56	218	8	0	215	362	16	28
chr6	47126537	47126905	5	0	66	3	6	0	60	35	18	14	0	0	14	0	4	0	28	0	12	4
chr6	28141866	28142609	8	4	57	399	8	0	40	350	9	16	4	2	2	86	2	6	48	209	0	6
chr6	131102393	131103095	2	0	87	24	0	4	113	7	16	16	4	0	21	0	4	1	32	15	19	11
chr6	137026085	137026685	9	2	261	66	4	0	333	46	15	14	0	0	60	8	2	0	179	26	10	4
chr6	141969553	141970300	11	5	38	169	12	12	53	82	15	12	0	0	20	9	8	8	29	34	16	20
chr6	33590547	33591351	12	2	414	62	12	0	278	64	22	34	2	6	54	2	10	0	134	13	0	8
chr6	155314084	155315326	27	4	282	527	10	2	217	346	58	44	4	0	36	82	22	0	157	258	30	38
chr6	137042471	137042883	0	0	73	16	0	0	78	18	6	5	0	0	14	8	2	0	27	14	0	2
chr6	41546321	41546979	6	0	152	160	12	0	70	216	14	14	2	0	16	24	0	2	50	158	12	16
chr6	12348007	12348826	0	0	138	42	10	8	125	74	18	13	0	0	14	6	8	0	92	2	8	6
chr6	159093300	159094355	20	111	6	10	36	83	2	18	58	38	4	20	0	0	11	61	8	0	29	28
chr6	125944603	125945176	2	2	98	18	6	0	56	42	0	4	0	0	17	6	0	0	50	7	2	4
chr6	139027868	139030007	58	4	907	1490	25	8	598	1417	72	76	6	0	114	299	20	4	344	938	40	56
chr6	36985169	36985829	4	0	95	241	2	8	60	178	12	0	0	0	26	26	2	0	56	122	6	10
chr6	70412615	70413130	4	0	135	218	6	0	78	72	2	12	0	0	2	28	4	0	61	113	6	0
chr6	20237059	20237456	11	0	120	38	2	0	66	48	24	18	0	0	4	0	2	0	61	22	10	14
chr6	117601935	117602574	10	0	150	454	18	4	159	362	21	39	0	0	85	80	4	0	112	126	22	20
chr6	158809310	158809863	0	0	66	55	2	0	103	32	0	10	0	0	11	28	4	0	36	2	0	4
chr6	158797978	158798352	2	4	71	78	0	0	81	27	2	16	4	1	8	12	10	0	38	27	1	8
chr6	125469702	125470135	0	43	0	2	2	42	0	0	14	16	0	2	2	0	4	26	0	0	4	8
chr6	53633357	53634216	12	0	168	32	12	0	150	78	14	8	0	0	34	10	12	0	63	42	4	12
chr6	56851191	56851634	6	2	82	178	2	0	30	120	15	16	0	0	7	10	2	0	36	71	13	6
chr6	35399962	35400616	4	1	39	7	9	0	85	52	19	12	2	0	6	0	18	0	39	1	12	8
chr6	54846168	54846947	14	0	304	411	13	11	222	245	20	44	4	2	46	81	6	19	42	220	14	16
chr6	37059442	37060294	35	0	384	126	46	0	428	46	35	36	6	0	34	12	43	2	181	28	46	14
chr6	117481545	117482877	27	2	183	521	38	0	174	370	90	104	10	0	30	107	22	0	132	178	48	74
chr6	125703371	125706327	31	242	22	4	48	219	6	4	90	63	20	55	4	2	28	115	0	0	30	28
chr6	169213237	169213815	16	2	152	224	6	2	104	69	6	12	5	0	28	12	9	4	50	55	14	16
chr6	37171167	37171915	14	0	364	491	10	0	263	316	16	4	2	0	57	42	2	0	228	263	6	12
chr6	75311501	75311944	6	36	0	2	4	51	0	0	15	4	0	8	0	0	5	12	0	0	10	2
chr6	42547398	42547802	40	0	88	132	50	0	58	67	22	20	8	0	10	34	16	14	27	50	16	16
chr6	34657150	34657658	2	2	157	84	0	0	160	113	8	10	0	0	31	2	10	0	59	38	4	8
chr6	70183100	70185211	16	54	8	0	18	106	0	0	28	32	4	20	0	0	6	48	2	10	16	19
chr6	12956795	12957742	7	73	6	92	12	103	7	49	19	26	0	28	4	12	5	67	9	31	9	12
chr6	35302519	35302955	8	0	105	8	3	0	55	18	8	2	0	0	10	0	1	0	39	22	4	4
chr6	57316730	57317614	22	6	143	579	19	2	151	557	25	32	4	0	38	130	36	4	69	260	20	20
chr6	36885423	36885767	17	0	84	75	10	0	68	102	3	2	2	0	8	18	15	0	55	8	4	4
chr6	41637884	41638272	4	0	38	84	0	0	22	50	2	0	1	0	1	1	4	0	22	41	8	6
chr6	75848543	75849679	6	0	279	77	16	4	145	46	11	12	3	0	20	20	4	0	95	54	10	10
chr6	16729130	16730324	12	0	136	74	4	0	149	80	18	30	2	0	20	16	16	2	90	32	10	31
chr6	28104330	28105108	40	0	146	288	41	1	97	289	39	37	4	0	4	64	36	10	50	182	34	38
chr6	42116383	42121147	81	8	2305	314	60	12	1835	158	105	112	8	2	293	30	58	10	1190	180	79	98
chr6	33889626	33890336	10	38	0	0	8	34	0	0	12	8	0	7	0	0	5	17	0	0	9	6
chr6	158815081	158819269	94	30	3532	3797	84	0	3117	3270	78	122	14	4	645	692	38	2	1791	1942	66	110
chr6	56914297	56916288	13	57	6	0	19	112	2	16	15	44	0	6	0	0	14	53	14	0	20	12
chr6	84645416	84645974	0	5	73	43	4	0	111	14	10	6	0	0	2	6	4	0	49	16	4	12
chr6	53060642	53061269	9	0	74	145	4	0	57	60	10	6	0	0	12	6	0	0	74	22	0	4
chr6	42780921	42781959	11	0	171	125	11	8	171	84	20	18	2	0	28	26	9	0	101	52	3	8
chr6	37130144	37132716	33	4	357	74	27	2	437	118	39	33	6	0	62	8	31	1	296	8	40	36
chr6	18386944	18388501	8	0	209	448	21	2	169	237	59	37	8	0	6	54	8	6	116	220	35	47
chr6	34163555	34164229	106	10	6	56	87	4	13	31	22	14	22	2	0	0	45	5	3	58	10	7
chr6	11094146	11095745	34	4	373	709	26	4	238	584	26	46	2	0	30	77	12	0	149	304	25	13
chr6	28080379	28080893	6	2	181	220	10	0	145	209	39	43	0	0	26	11	0	0	89	189	5	8
chr6	80106668	80107263	7	0	115	324	5	2	102	427	14	21	0	0	36	36	4	2	100	226	15	16
chr6	33593261	33593584	8	2	114	172	10	0	67	58	4	5	0	0	2	6	0	0	26	85	4	10
chr6	50824897	50826115	5	44	0	0	4	37	0	0	12	12	2	0	0	0	3	20	0	0	8	12
chr6	138088671	138089255	1	0	168	25	2	0	110	63	2	2	0	0	16	14	2	0	98	12	2	2
chr6	16722897	16725463	34	0	451	216	16	0	467	36	36	38	10	0	73	22	10	0	314	20	20	26
chr6	41780055	41781377	25	6	462	613	30	0	255	644	28	20	6	0	50	101	14	0	171	426	16	16
chr6	37257811	37258884	14	5	218	412	4	2	115	278	12	15	2	0	50	30	4	0	100	222	4	8
chr6	132607703	132610190	12	4	634	128	20	2	664	54	32	26	2	2	86	16	16	2	331	94	21	26
chr6	24402752	24403559	12	2	406	957	28	2	177	692	62	80	0	0	50	138	14	0	167	475	48	60
chr6	160498176	160499155	0	32	0	0	7	36	6	0	8	3	0	4	0	0	2	23	0	0	4	6
chr6	16129784	16131181	26	0	533	522	26	14	501	242	16	29	2	0	98	57	8	6	272	218	17	33
chr6	161273179	161273889	4	17	52	110	10	6	60	202	6	5	0	8	0	18	8	0	39	107	16	4
chr6	42098339	42099367	13	0	403	6	9	0	250	28	20	22	16	0	42	0	4	0	186	0	12	16
chr6	85361057	85361569	6	0	131	7	20	0	69	0	16	31	2	0	10	0	10	2	54	14	10	15
chr6	16229023	16230581	10	85	18	34	20	79	4	50	33	28	2	20	16	8	12	65	8	4	16	19
chr6	35468738	35470138	30	2	443	1017	12	0	258	844	12	16	2	0	58	133	18	4	194	587	20	22
chr6	143534077	143538438	66	6	1685	979	64	0	1446	823	110	106	10	0	174	216	32	4	689	654	36	62
chr6	106924942	106925838	6	0	169	90	8	0	218	68	10	14	0	0	18	10	4	0	160	36	6	8
chr6	158791424	158791787	6	0	24	22	2	0	33	9	0	3	2	0	5	0	0	0	19	1	0	6
chr6	158796278	158796693	0	0	73	24	5	4	61	72	5	2	2	0	0	0	4	2	30	41	7	2
chr6	42140386	42141004	4	2	98	112	2	0	117	92	8	6	0	0	12	18	0	0	74	60	4	2
chr6	18537780	18538331	3	36	0	0	0	52	0	0	16	18	0	6	0	0	0	37	0	0	10	5
chr6	26121985	26123866	20	4	992	761	24	0	807	368	32	31	2	0	162	92	14	4	471	293	17	42
chr6	99393800	99394832	6	4	153	327	16	2	107	239	17	11	4	0	4	66	4	2	81	140	23	13
chr6	53715958	53716790	20	2	127	10	10	5	90	16	19	17	3	0	20	0	7	2	21	18	11	16
chr6	167421005	167421324	5	1	83	161	5	0	56	40	8	2	2	2	12	32	6	0	27	35	8	0
chr6	158561444	158562621	18	7	114	270	13	0	145	363	27	20	4	0	51	70	4	0	74	99	19	4
chr6	44312360	44313352	19	0	152	486	13	0	92	449	12	18	0	0	12	94	4	3	76	250	8	8
chr6	163644441	163645673	22	94	5	8	6	102	4	0	22	50	0	28	2	11	3	44	0	0	19	16
chr6	129644029	129644554	7	0	74	42	8	0	109	36	16	2	2	0	18	4	4	0	40	18	6	4
chr6	70364006	70365344	21	53	21	0	16	116	12	2	22	24	6	17	0	0	5	77	0	6	19	14
chr6	158231124	158232034	10	1	178	278	2	1	172	377	14	14	2	0	48	38	4	0	73	214	8	6
chr6	44263920	44265569	28	0	436	633	14	0	180	434	24	14	4	0	49	99	8	0	124	320	14	20
chr6	42563887	42564705	14	0	402	646	36	0	235	309	41	36	0	0	38	77	15	0	202	275	28	30
chr6	43517144	43517863	4	4	102	375	6	0	70	286	10	8	0	0	12	24	2	0	72	236	12	10
chr6	166697656	166699011	14	77	6	0	10	155	0	12	29	27	6	15	4	0	10	46	0	0	28	13
chr6	39115280	39115590	8	6	18	99	0	3	27	52	8	10	0	0	6	10	4	2	15	44	7	4
chr6	122610063	122610447	10	6	20	286	10	0	40	176	23	17	0	0	14	51	12	2	28	61	17	8
chr6	165821097	165822250	11	69	0	20	21	103	2	2	26	48	8	18	2	5	4	67	2	0	26	11
chr6	12802641	12805398	24	93	0	0	11	99	6	8	46	40	0	11	0	0	2	111	9	0	24	30
chr6	69863255	69864245	7	74	0	1	23	61	12	0	10	6	4	14	0	0	4	49	0	0	6	4
chr6	15245145	15245930	12	0	211	374	2	2	125	297	6	13	0	0	41	45	0	2	110	168	6	12
chr6	42214847	42215388	64	0	91	53	85	0	51	50	11	13	24	0	14	0	45	0	47	12	8	13
chr6	145814160	145814814	6	0	144	283	0	2	90	356	26	36	2	0	20	38	4	0	80	132	16	22
chr6	138502767	138503111	0	0	85	16	0	0	37	22	4	4	0	0	10	0	2	0	32	0	8	0
chr6	156994659	156995205	4	0	86	30	0	0	46	6	10	8	0	0	4	2	8	0	47	0	4	0
chr6	105780826	105781215	9	0	76	14	2	7	80	6	20	4	9	1	10	0	4	0	36	0	5	5
chr6	158810764	158811204	4	0	66	77	2	0	115	73	4	5	0	0	14	22	9	1	33	36	8	2
chr6	109891994	109893077	32	2	270	10	26	4	129	16	10	22	4	0	20	16	0	2	74	8	12	22
chr6	158069135	158069466	2	1	71	38	2	0	79	4	2	8	0	0	1	6	1	0	52	0	4	10
chr6	132513994	132514331	5	0	63	6	2	0	43	18	4	9	1	0	10	1	2	0	16	16	2	4
chr6	13710683	13711314	8	0	278	401	20	4	219	544	14	10	0	0	30	64	6	0	132	216	6	10
chr6	136788708	136789145	8	0	46	34	0	3	31	23	5	10	4	0	3	0	0	0	18	17	6	14
chr6	27772197	27772555	20	8	51	97	53	0	25	51	10	15	6	0	0	8	22	0	18	67	7	2
chr6	85403853	85404626	6	0	220	40	2	2	309	78	2	16	0	0	46	0	4	0	131	46	4	12
chr6	26383009	26383601	2	10	59	336	11	2	48	362	24	26	2	0	10	31	13	0	82	202	20	24
chr6	42205185	42205617	6	2	82	12	12	8	79	24	7	12	2	0	14	12	2	0	35	2	7	4
chr6	20244173	20245190	8	24	73	65	10	0	86	50	15	7	0	2	6	11	16	8	72	8	24	32
chr6	158786034	158786801	15	2	153	34	17	0	207	56	14	8	9	0	46	2	18	0	59	17	14	8
chr6	109441005	109441718	18	0	172	464	6	0	105	220	6	28	0	0	18	74	8	0	48	172	10	12
chr6	37156016	37156807	5	0	113	30	6	0	73	6	5	7	0	0	14	4	6	0	39	0	6	10
chr6	43428255	43428800	0	4	53	105	2	0	42	48	5	4	0	0	18	18	0	0	10	23	4	8
chr6	170552849	170553319	4	0	288	360	2	0	166	263	8	20	0	2	37	48	2	0	145	154	10	2
chr6	131061603	131062940	22	0	268	457	6	2	133	454	25	21	4	0	18	62	0	2	49	267	5	18
chr6	35026084	35026415	8	0	39	37	2	0	24	0	6	0	2	0	10	0	4	0	22	2	2	2
chr6	87472611	87473607	20	2	458	1153	48	6	374	1236	49	70	2	2	117	192	37	2	286	533	31	14
chr6	41235144	41238444	59	176	12	12	20	226	4	22	71	90	4	44	6	0	18	148	6	0	40	48
chr6	109228451	109229074	6	2	83	10	6	7	74	3	12	12	0	0	12	6	10	0	34	0	6	0
chr6	85389198	85390600	24	5	326	168	22	6	442	142	58	59	4	0	11	24	16	2	174	138	25	36
chr6	136563817	136564509	4	0	127	8	2	0	134	4	10	10	0	0	17	0	4	0	45	21	7	8
chr6	12896435	12897090	4	34	0	8	7	37	0	0	6	18	2	7	2	0	0	31	0	4	4	6
chr6	157379818	157381214	25	2	899	1531	50	0	739	1258	55	68	0	2	107	216	24	4	342	870	34	46
chr6	158232234	158233278	16	0	416	1153	32	2	308	803	28	26	0	2	98	180	6	0	187	419	8	26
chr6	26156285	26157956	12	0	674	754	18	0	480	850	26	54	10	0	68	128	18	0	184	554	4	20
chr6	39204786	39205526	6	0	250	20	14	0	232	28	8	4	0	0	10	10	0	0	148	27	8	2
chr6	45520802	45521703	12	4	207	26	0	2	230	0	12	16	2	0	31	0	0	1	94	30	4	10
chr6	18553340	18554177	17	51	2	0	11	71	12	0	29	32	0	6	0	0	19	23	8	0	14	25
chr6	27837216	27837912	0	0	156	162	12	2	118	107	20	22	0	0	6	10	2	0	92	114	2	4
chr6	37103471	37104516	8	0	479	214	4	0	464	112	16	23	0	0	58	12	4	0	392	18	14	22
chr6	34791966	34793434	16	4	948	1708	32	6	672	1820	44	60	6	0	152	198	32	8	534	976	44	36
chr6	149982676	149983645	26	79	14	4	12	129	17	0	21	36	1	6	5	0	8	32	7	28	26	16
chr6	34695022	34696808	10	0	607	1030	26	0	264	688	30	28	6	0	65	70	7	6	164	516	18	30
chr6	34249099	34249670	56	0	88	148	68	0	68	166	8	22	4	0	25	12	54	0	36	100	14	8
chr6	89637703	89638084	2	0	67	87	0	4	18	97	2	6	0	0	4	18	4	0	17	50	6	4
chr6	131063393	131064031	17	0	182	152	6	0	185	202	20	34	4	0	14	22	10	0	72	126	10	6
chr6	138503610	138505213	10	4	845	210	14	0	617	164	22	16	0	0	94	28	10	0	306	104	8	14
chr6	106629855	106630513	3	0	119	152	0	0	93	158	6	2	0	0	23	26	0	0	43	80	4	0
chr6	37201640	37204210	33	0	779	120	20	0	468	88	40	48	4	0	80	18	18	2	324	45	30	26
chr6	169701496	169702533	24	4	342	842	38	2	182	853	54	101	4	2	38	163	24	0	138	406	46	28
chr6	12483549	12483957	5	1	68	46	6	0	91	37	6	6	2	0	6	0	2	1	51	35	7	13
chr6	98946703	98947526	8	4	78	229	18	1	86	347	16	27	0	0	21	38	4	6	53	158	7	19
chr6	42166447	42167034	218	0	213	35	234	0	183	14	32	54	36	0	32	1	144	4	127	16	16	11
chr6	79569812	79570392	5	0	128	56	6	4	121	39	0	2	0	0	14	6	4	0	80	16	0	0
chr6	160788657	160790151	6	4	159	30	7	10	366	231	32	22	2	0	51	46	9	1	95	74	11	16
chr6	18055880	18056371	2	2	83	0	4	0	49	19	4	6	0	0	6	0	2	0	34	8	6	2
chr6	16721394	16722586	10	10	182	22	15	6	198	31	8	34	0	0	22	0	6	2	85	45	16	6
chr6	13614849	13615254	35	2	78	143	56	0	52	106	8	16	0	0	3	8	14	0	21	138	15	8
chr6	87701696	87702350	16	2	411	476	16	0	455	506	43	50	0	0	64	84	0	0	246	248	12	16
chr6	89297450	89298010	0	0	274	48	0	4	193	0	12	16	0	0	30	8	0	0	89	33	6	1
chr6	167682349	167683274	30	0	176	41	14	6	174	48	28	19	2	0	19	16	10	0	90	26	8	17
chr6	27893560	27894578	10	0	238	432	8	0	165	330	8	16	0	0	16	28	21	4	67	307	10	8
chr6	136792760	136793294	74	0	164	194	92	0	132	121	18	16	16	2	24	18	76	0	45	77	19	20
chr6	26284869	26287163	42	8	772	876	34	3	532	812	75	97	4	0	144	100	14	3	378	398	44	70
chr6	138087056	138087917	6	0	295	48	8	0	225	74	4	2	0	0	36	22	4	10	96	10	16	12
chr6	39206844	39208340	10	4	205	107	6	8	313	86	56	26	2	0	22	6	10	0	222	12	14	30
chr6	45377142	45378228	18	4	418	512	14	0	303	448	14	14	0	0	52	52	36	0	246	195	6	12
chr6	17600306	17600735	8	0	138	201	25	0	40	132	12	11	0	0	10	6	8	0	52	134	4	12
chr6	137027441	137028281	18	0	187	20	12	0	250	0	4	2	0	0	17	10	14	0	100	20	6	4
chr6	26204640	26205366	10	0	324	539	6	4	240	504	4	10	2	0	74	44	6	0	158	284	8	8
chr6	99424035	99424425	6	2	18	116	6	0	34	57	14	6	0	0	1	16	6	0	18	38	2	4
chr6	26197500	26198028	0	0	68	132	4	0	87	64	2	2	0	0	6	8	4	0	68	41	0	4
chr6	27187656	27188316	10	9	59	346	16	4	86	318	16	21	0	0	22	65	0	1	45	131	17	5
chr6	142015772	142016291	6	0	84	32	10	4	142	4	6	4	2	0	26	8	1	0	21	0	5	8
chr6	34889166	34890918	14	0	423	940	27	0	314	761	11	28	6	0	64	70	20	2	172	555	13	21
chr6	16970692	16972514	9	44	0	0	7	28	16	0	8	10	0	8	0	0	5	34	1	0	0	2
chr6	52454276	52454891	4	0	129	25	8	4	84	0	6	12	0	0	16	0	3	0	51	4	10	16
chr6	39314269	39315320	26	74	10	21	19	82	16	20	62	53	6	8	0	0	19	64	0	20	33	28
chr6	152646590	152647719	10	69	0	0	12	38	0	0	9	32	6	12	0	0	7	26	0	0	10	8
chr6	40544315	40546593	43	84	8	4	28	164	4	8	46	56	0	12	0	0	24	88	6	6	44	49
chr6	70945242	70946987	22	91	0	14	15	74	6	0	20	22	0	22	2	0	6	77	0	0	11	21
chr6	156398642	156400630	18	73	0	2	17	75	4	0	29	57	2	13	0	0	16	42	2	2	28	20
chr6	106546283	106546652	0	0	71	16	4	0	59	6	4	7	0	0	8	2	8	0	34	0	4	1
chr6	158812869	158814575	24	4	460	732	42	0	488	618	28	32	0	0	76	69	12	2	179	426	8	18
chr6	158789863	158790866	12	0	191	50	16	2	183	90	10	24	0	0	16	38	4	0	47	34	14	11
chr6	56692244	56693788	6	0	526	346	23	0	416	286	18	22	0	0	60	40	6	0	302	142	12	18
chr6	16752370	16753008	12	2	147	33	4	0	62	19	5	13	0	0	20	0	0	0	24	28	12	8
chr6	41073803	41074438	10	0	79	241	9	0	84	180	10	4	0	0	22	14	0	0	70	106	0	2
chr6	113530950	113531934	21	7	168	321	12	4	126	160	27	25	1	2	27	74	6	2	40	63	17	17
chr6	27890366	27892103	28	4	596	713	24	2	427	392	44	42	2	0	66	104	18	0	279	231	20	28
chr6	42100159	42100710	6	0	141	30	4	0	172	40	16	4	0	0	26	0	10	0	90	0	12	6
chr6	135182594	135183249	6	0	324	344	2	0	192	313	4	11	4	0	48	46	4	0	122	141	14	8
chr6	167141077	167141828	12	0	168	63	8	0	97	56	20	20	4	3	11	28	19	2	27	25	5	12
chr6	27131683	27132680	12	2	246	357	10	2	186	229	20	28	4	1	46	44	8	2	141	88	12	16
chr6	158806015	158807071	9	4	134	236	15	2	232	141	8	26	2	0	46	18	7	0	159	40	6	8
chr6	75601058	75601979	7	2	170	252	10	0	136	207	18	18	0	0	36	20	6	0	67	126	12	20
chr6	52664783	52666351	22	4	262	524	10	0	253	460	34	42	4	2	22	115	8	2	114	210	6	8
chr6	159047478	159049082	13	81	16	0	12	67	6	0	31	28	2	23	0	0	7	50	0	2	17	10
chr6	33580414	33580905	4	0	64	31	6	9	45	44	10	21	2	0	16	4	4	2	22	18	8	14
chr6	13983865	13986094	6	50	0	10	6	67	0	0	18	18	0	1	6	0	4	42	0	0	3	20
chr6	69865027	69868004	28	189	12	264	14	185	26	231	37	39	6	23	0	32	6	134	0	162	31	24
chr6	137036416	137037002	0	2	105	34	2	0	91	2	6	4	8	0	0	0	2	2	32	30	4	8
chr6	26199539	26200618	4	0	334	523	10	0	234	316	18	10	0	0	40	78	8	0	158	176	6	2
chr6	27866294	27867180	6	1	215	216	6	0	130	284	10	6	0	2	35	30	8	0	108	106	4	7
chr6	3379772	3380239	2	0	183	12	14	0	171	1	2	4	0	0	0	0	0	0	0	0	0	0
chr6	5003089	5003563	0	0	0	4	0	0	2	0	0	0	2	3	2	44	0	0	12	23	0	2
chr6	5084221	5084866	10	23	33	183	10	20	30	201	16	26	0	0	0	1	0	0	0	0	0	0
chr6	6811368	6811805	3	0	183	18	13	0	141	14	7	9	0	0	0	0	0	0	0	0	0	0
chr6	12229020	12230076	10	0	252	37	10	15	80	9	13	13	0	2	13	6	10	2	5	10	9	30
chr6	12241049	12241613	4	6	186	0	8	8	65	2	10	8	2	0	4	0	5	6	0	2	10	16
chr6	12333212	12333657	8	0	82	0	6	0	96	6	8	6	0	0	26	0	0	0	104	0	3	2
chr6	12335010	12335880	13	0	102	35	12	2	161	2	4	4	0	0	32	0	0	0	143	0	14	14
chr6	12338568	12339169	6	2	103	8	8	0	99	16	8	14	0	0	22	0	8	2	23	0	2	12
chr6	12339575	12340057	4	0	105	8	6	0	99	0	2	2	0	0	0	0	4	0	20	0	2	8
chr6	12341954	12342783	16	2	226	40	22	0	281	8	22	14	4	0	59	0	10	0	146	18	2	10
chr6	12349310	12349759	3	2	133	6	2	0	80	2	4	6	0	0	32	4	0	0	47	6	6	2
chr6	12365823	12366457	15	0	124	10	18	6	125	6	18	26	2	0	4	0	8	6	32	0	8	2
chr6	12718956	12720178	5	56	0	0	2	43	0	0	7	6	0	6	2	0	6	27	0	0	8	9
chr6	12816927	12818022	5	72	0	2	13	67	0	0	8	16	0	9	0	0	5	42	2	0	18	6
chr6	13101860	13104120	2	48	6	0	8	86	0	6	22	32	0	4	0	0	6	33	4	0	12	12
chr6	15246266	15246703	0	2	20	108	6	2	27	90	2	0	0	0	4	18	2	0	12	61	0	4
chr6	15441256	15441604	62	4	6	0	38	0	0	0	13	6	0	0	0	0	44	3	6	0	2	6
chr6	16239306	16239661	4	26	0	133	6	20	19	109	12	5	2	0	0	14	16	2	11	73	4	14
chr6	16728199	16728601	4	0	34	16	9	0	105	9	8	4	0	0	6	0	0	0	55	8	6	6
chr6	17601325	17601838	8	0	21	83	4	0	36	125	12	8	0	0	5	18	2	0	10	26	4	6
chr6	18051994	18052525	2	0	105	20	12	0	79	0	4	6	0	0	27	0	8	0	78	10	4	2
chr6	18052809	18053480	13	0	95	20	2	0	156	2	12	16	0	0	29	1	10	0	104	0	2	4
chr6	18057345	18057990	9	0	79	20	9	0	111	4	10	8	0	0	4	0	8	0	72	0	6	6
chr6	20202216	20203312	10	0	228	6	10	0	145	44	4	5	0	0	22	8	2	2	151	12	2	4
chr6	20235347	20235842	1	0	80	10	0	2	92	0	10	10	2	0	4	0	7	0	15	0	6	4
chr6	20529151	20529498	61	0	8	7	53	0	10	8	9	8	5	0	0	0	38	0	1	0	11	6
chr6	20652217	20652795	0	0	177	34	0	0	230	8	2	16	0	0	36	0	2	0	201	0	4	10
chr6	20876091	20876659	6	4	72	6	5	0	78	0	11	12	0	0	10	0	6	0	77	8	10	8
chr6	21020411	21020774	0	0	62	0	0	0	56	0	4	6	0	0	38	0	0	2	25	0	4	2
chr6	21023979	21024360	6	1	52	0	2	0	54	2	2	10	0	0	17	0	0	0	48	6	0	2
chr6	21025015	21025743	2	0	57	16	6	4	110	0	3	2	0	0	24	0	4	0	108	0	4	4
chr6	21078828	21079510	9	2	36	0	16	4	63	4	9	6	4	0	7	0	6	2	78	8	12	13
chr6	21220087	21220829	6	2	57	24	0	2	132	12	10	10	2	0	39	0	4	0	78	6	7	8
chr6	23803942	23804629	15	3	63	144	10	13	28	148	27	15	2	0	2	14	3	3	32	211	16	9
chr6	24583459	24583795	69	0	0	2	72	0	4	0	12	4	13	0	0	0	48	0	1	0	12	9
chr6	26183676	26184110	8	0	13	36	6	2	34	92	6	17	0	0	2	2	6	8	8	53	4	8
chr6	26271252	26271753	1	0	24	37	5	0	18	108	11	16	0	1	0	0	2	0	29	33	8	14
chr6	26322097	26322715	18	0	81	349	16	0	55	300	10	24	0	0	0	12	9	0	24	94	5	2
chr6	26685538	26695449	156	781	47	58	229	1444	33	27	499	601	0	2	0	0	0	8	0	0	2	6
chr6	27144191	27144583	9	0	31	173	4	0	13	34	6	8	0	0	6	5	4	0	9	38	0	0
chr6	27823814	27824298	10	0	28	187	8	0	20	60	10	14	0	0	0	0	0	0	8	0	1	0
chr6	28136475	28137628	12	0	86	447	6	2	54	446	14	24	4	0	28	34	4	1	58	359	12	26
chr6	28173791	28175241	7	35	0	0	2	40	0	0	11	12	0	2	0	0	0	41	0	2	8	6
chr6	28218992	28219698	6	12	24	131	13	1	11	45	10	6	0	0	0	10	6	4	42	10	4	4
chr6	28335168	28335534	4	2	35	147	0	0	24	72	5	14	2	0	3	16	4	2	12	70	8	12
chr6	28353965	28354300	2	0	50	14	9	0	15	59	10	2	2	0	4	0	8	0	31	81	6	12
chr6	33585628	33586007	121	0	9	8	135	0	23	16	26	13	27	0	0	0	139	0	8	10	20	12
chr6	33633472	33634066	2	0	16	80	18	0	28	161	32	35	0	0	8	25	2	0	12	91	20	18
chr6	34320022	34320457	0	0	72	0	2	2	44	2	4	6	0	0	20	0	2	1	21	1	6	7
chr6	34465511	34466000	8	6	14	320	15	25	14	224	8	12	2	0	6	26	8	9	4	186	10	4
chr6	34549282	34549687	7	2	42	6	8	0	18	6	10	13	0	0	4	0	5	0	38	0	14	10
chr6	34758141	34758593	0	0	3	90	3	2	7	70	10	10	0	0	0	11	6	2	11	40	7	3
chr6	34791051	34791346	4	0	19	59	4	4	13	46	5	0	2	0	1	2	7	0	14	33	2	4
chr6	35024286	35024719	2	2	71	4	4	4	44	10	16	4	8	0	4	0	3	0	23	6	4	2
chr6	35214029	35214419	8	38	0	143	5	5	2	154	8	10	2	0	0	34	2	16	0	81	4	6
chr6	35452945	35453414	2	0	23	98	6	0	7	110	4	8	2	0	2	0	2	0	8	38	3	13
chr6	35940853	35941150	8	0	48	62	12	3	10	8	2	6	0	0	4	0	0	0	0	0	10	9
chr6	35973950	35974344	2	1	30	16	6	0	40	0	3	1	0	0	6	0	3	0	36	0	4	6
chr6	37133589	37134479	13	0	77	5	0	0	163	0	10	18	0	0	14	0	8	2	90	2	16	12
chr6	37222085	37222635	8	0	25	252	2	0	44	68	6	16	2	0	14	31	2	0	23	166	8	12
chr6	38798527	38798988	6	4	108	0	4	8	33	8	2	6	0	0	0	0	4	11	0	0	2	4
chr6	39196091	39196747	6	2	70	10	6	0	122	6	12	2	0	0	7	0	8	0	62	10	12	2
chr6	39202883	39203857	8	0	425	50	8	4	461	54	8	24	0	0	96	6	8	2	433	38	12	14
chr6	39208668	39210689	20	0	366	80	10	0	629	134	30	30	0	0	109	14	10	6	740	37	42	26
chr6	39218949	39219835	20	2	97	7	18	0	132	31	16	20	2	0	6	4	14	1	109	4	20	17
chr6	39347810	39348238	102	0	0	0	107	10	0	0	10	4	2	0	0	0	54	2	0	0	2	4
chr6	40714205	40714709	4	10	40	0	6	8	71	32	10	13	2	0	34	0	3	0	112	2	14	10
chr6	40715674	40716172	2	2	25	8	2	3	94	48	4	11	0	0	1	0	6	8	107	38	4	0
chr6	40995845	40997144	6	2	211	40	4	14	275	24	16	28	0	0	75	2	8	0	184	14	14	16
chr6	41040850	41041331	4	1	68	20	14	6	60	0	22	19	2	0	11	0	6	2	59	0	10	16
chr6	41232719	41233221	8	24	0	0	0	49	4	0	4	13	0	0	0	0	2	35	0	0	2	0
chr6	41363186	41364484	4	55	2	0	2	63	2	0	12	10	0	2	0	0	0	45	0	0	12	18
chr6	41517804	41518161	11	0	65	0	0	0	70	12	6	13	2	0	4	2	1	0	23	9	8	9
chr6	41742533	41743263	7	0	186	6	3	0	107	0	10	8	0	0	12	4	2	0	60	0	0	8
chr6	41921513	41922219	6	0	164	541	10	4	90	335	6	14	0	0	20	110	18	0	58	365	4	10
chr6	42044230	42044521	126	1	3	0	148	0	8	0	12	11	15	0	2	0	116	0	0	4	5	11
chr6	42112481	42112760	7	0	63	2	2	4	30	0	8	7	0	0	3	0	8	2	48	8	9	7
chr6	42114858	42115353	6	0	121	2	2	0	90	0	2	0	2	0	9	0	8	0	60	0	2	2
chr6	42122933	42124840	24	1	1105	150	31	2	920	57	30	37	4	0	148	21	22	0	484	36	39	38
chr6	42228853	42229251	2	0	42	0	2	0	38	0	7	0	0	0	17	0	2	0	45	0	0	0
chr6	42293712	42294697	0	0	73	0	12	0	105	2	6	8	0	0	42	2	2	2	122	0	4	6
chr6	42879042	42879414	0	0	33	219	0	0	17	92	8	14	3	0	3	42	6	0	16	87	6	8
chr6	43454741	43455156	15	6	2	200	21	13	4	94	4	4	4	0	2	52	2	0	0	70	2	4
chr6	43455539	43455996	7	22	2	183	18	12	3	64	10	9	1	0	2	32	6	13	4	119	9	8
chr6	43803155	43804565	24	0	287	46	10	1	238	19	6	16	2	0	32	4	6	1	142	12	22	14
chr6	44223294	44223658	4	0	7	110	14	0	28	111	12	12	0	0	1	40	12	0	16	67	2	0
chr6	44655566	44655911	77	2	4	14	102	0	0	0	3	11	2	0	0	0	58	0	2	30	0	4
chr6	45522346	45523796	8	2	186	26	14	0	147	0	10	26	4	6	20	0	2	2	120	2	6	21
chr6	45524858	45525542	4	6	231	13	9	2	221	19	6	20	0	0	40	0	9	2	134	0	6	12
chr6	45565963	45567636	6	4	631	28	10	0	408	14	14	16	0	0	58	6	8	0	244	0	18	20
chr6	45567977	45569060	8	0	328	7	6	0	284	0	12	12	4	0	32	1	14	0	143	4	8	14
chr6	45569749	45570110	2	0	81	0	4	3	68	12	4	4	0	0	3	0	0	0	50	0	8	10
chr6	45588347	45590029	6	2	335	18	12	2	250	0	14	18	0	0	64	0	12	0	141	16	6	14
chr6	45606037	45608514	64	0	1228	86	36	2	821	20	42	60	2	2	100	0	12	6	439	20	26	24
chr6	46170348	46170946	2	16	8	158	4	16	14	178	8	6	0	6	12	18	0	4	2	184	2	10
chr6	46176631	46177590	6	32	0	0	5	33	0	0	4	0	2	6	0	0	5	47	0	0	1	8
chr6	46652930	46653566	8	0	88	318	8	0	34	386	16	20	0	0	0	19	10	0	14	127	6	14
chr6	47046832	47047530	2	4	204	30	2	0	170	0	0	6	0	0	22	0	0	0	91	1	2	0
chr6	47094809	47095542	0	0	140	0	6	0	99	0	10	8	0	1	14	0	2	0	42	6	0	6
chr6	47103081	47103897	7	4	78	2	11	5	49	0	14	22	0	0	4	0	0	4	17	3	1	5
chr6	47104316	47104615	0	1	72	4	0	0	54	0	0	2	0	0	4	0	0	0	29	0	6	2
chr6	47132655	47133191	5	0	34	2	4	2	80	0	8	6	1	0	23	0	4	0	32	0	6	6
chr6	47151345	47153346	20	8	229	16	24	4	297	3	44	32	0	0	110	12	8	1	314	20	24	21
chr6	47153766	47154572	5	4	108	7	10	0	127	0	14	16	0	0	27	4	3	0	68	2	18	6
chr6	47159891	47161803	4	2	208	62	14	10	340	12	12	12	0	0	82	2	16	6	434	22	12	2
chr6	47189198	47189660	0	0	62	0	0	0	21	0	2	2	0	0	48	4	6	0	53	0	5	6
chr6	47230792	47231123	6	0	78	2	12	0	90	14	6	8	2	0	12	0	0	0	15	3	1	4
chr6	47238123	47238563	2	2	33	6	6	2	64	3	9	6	0	2	0	0	7	0	23	0	5	8
chr6	47403995	47404869	0	0	520	28	16	2	357	24	12	16	0	0	28	0	0	0	81	4	2	8
chr6	48765666	48766038	6	0	89	20	15	0	54	0	5	5	1	0	8	0	4	3	42	2	4	4
chr6	48826600	48827488	2	4	227	30	2	0	224	14	4	8	0	0	38	0	10	4	163	2	10	12
chr6	49554912	49555407	4	2	18	0	0	0	71	9	2	4	0	0	0	2	4	0	57	14	2	4
chr6	51855251	51855594	56	17	6	0	80	10	0	0	12	14	1	0	0	0	49	6	0	0	4	12
chr6	52283441	52283829	3	0	23	70	2	0	26	74	14	5	0	0	4	17	0	10	2	71	2	4
chr6	52325967	52326566	0	0	122	3	0	0	64	12	6	8	0	0	8	0	0	0	39	0	2	12
chr6	56713681	56715050	16	8	156	20	18	2	255	14	14	21	0	0	56	0	6	4	187	8	14	8
chr6	56715869	56716528	5	0	34	2	2	2	51	0	10	9	0	0	10	0	8	2	21	2	8	6
chr6	64680957	64681313	2	6	18	0	4	2	70	22	0	0	0	0	12	0	1	0	28	0	2	6
chr6	70191719	70192969	8	22	0	0	2	53	0	0	11	8	0	17	0	0	4	43	0	0	4	10
chr6	71288278	71289724	26	9	126	610	13	2	89	390	46	38	2	0	17	116	11	8	37	388	22	21
chr6	73733048	73733365	35	0	4	0	58	3	0	0	5	6	8	0	0	0	56	6	4	0	6	4
chr6	73739021	73739404	49	0	6	0	95	10	2	0	8	12	9	0	0	0	65	0	4	0	8	14
chr6	77464229	77465362	7	44	4	16	6	26	4	14	14	18	0	3	0	32	8	5	10	67	8	8
chr6	77487657	77488028	0	0	30	3	0	0	62	12	2	3	0	0	16	0	5	0	29	2	4	0
chr6	77493345	77493811	2	0	8	10	2	0	90	12	14	2	0	0	22	0	0	0	102	0	4	2
chr6	78646899	78647350	8	18	5	108	0	6	2	193	12	24	0	3	8	20	8	13	6	64	10	7
chr6	78867844	78868226	7	4	44	172	8	0	32	107	4	4	0	0	2	53	5	0	7	79	7	2
chr6	79233504	79234612	30	0	184	494	12	8	137	388	32	44	10	0	8	50	12	0	62	358	12	16
chr6	79601318	79602177	2	0	87	12	2	1	122	20	3	10	0	0	20	0	2	0	80	0	2	2
chr6	85323453	85323877	99	7	0	3	175	3	2	0	13	24	19	4	0	6	85	8	0	0	5	14
chr6	85401116	85401751	6	0	58	3	2	1	63	0	2	0	0	0	8	0	4	0	49	0	7	6
chr6	86354821	86355300	4	4	60	0	2	1	126	10	8	16	2	0	34	4	4	8	76	0	2	3
chr6	86355580	86356434	2	2	62	10	4	4	110	0	12	10	0	0	39	0	2	2	64	6	6	2
chr6	87929791	87930087	89	5	9	2	104	5	1	2	4	33	30	2	0	0	107	8	2	0	14	8
chr6	89117347	89118009	16	7	26	172	8	8	4	125	10	16	0	0	6	34	6	6	8	137	11	6
chr6	89411498	89411985	4	32	12	157	10	17	0	55	10	8	2	4	0	18	0	4	0	24	4	2
chr6	90304467	90306067	18	44	6	4	14	71	0	0	18	18	2	10	0	0	10	65	0	4	14	8
chr6	90585846	90586788	4	2	8	180	8	10	34	215	0	4	0	0	6	36	4	0	15	135	4	10
chr6	93916215	93917038	14	6	74	14	2	9	69	0	8	12	2	0	4	0	2	4	34	0	8	4
chr6	93966982	93967657	7	4	121	4	7	4	96	24	10	16	0	0	14	0	2	0	59	0	14	8
chr6	94128967	94129864	8	0	66	6	0	0	103	21	4	6	0	0	42	0	0	4	92	0	1	8
chr6	96836656	96837030	0	0	24	97	5	7	5	124	3	7	0	0	0	24	4	2	0	54	2	0
chr6	96906032	96906605	6	45	0	0	10	40	0	0	19	2	0	0	0	0	2	38	3	0	2	6
chr6	99515605	99516287	6	2	48	117	4	2	28	127	19	13	4	4	8	33	4	4	16	101	5	8
chr6	99569022	99569360	8	3	22	67	4	4	12	48	4	2	0	0	5	0	4	1	12	22	4	1
chr6	99588980	99589536	4	5	0	166	4	14	4	107	2	4	4	4	2	60	2	0	3	121	2	4
chr6	99823510	99824091	13	15	9	150	27	15	39	193	9	14	7	4	4	84	4	8	0	20	2	3
chr6	104858985	104859755	2	1	74	592	11	9	41	339	6	10	2	0	10	35	1	0	11	229	18	11
chr6	105758199	105758881	4	2	106	8	0	0	35	0	11	5	0	0	2	0	4	0	25	0	0	10
chr6	105761508	105761936	4	0	60	0	4	0	46	4	7	8	2	4	3	0	2	1	28	6	6	5
chr6	106783199	106783885	3	4	26	8	6	0	93	0	9	12	0	0	10	4	2	0	76	2	7	12
chr6	106799934	106800563	10	0	117	32	7	4	189	12	10	10	0	0	16	0	7	0	83	14	0	15
chr6	106804763	106805381	14	8	191	0	13	1	70	0	16	24	0	3	5	0	4	0	13	2	14	11
chr6	106923696	106924478	6	3	103	24	13	2	109	18	16	12	6	0	20	4	8	0	122	13	6	8
chr6	107848554	107848957	7	6	34	75	2	4	18	50	2	16	0	6	0	2	6	1	28	61	4	2
chr6	107895437	107895776	4	0	105	6	10	0	63	0	4	8	2	0	20	0	2	0	51	0	4	0
chr6	108526789	108527238	64	0	0	0	62	2	0	0	8	10	8	0	0	0	75	0	0	0	8	14
chr6	108797362	108797677	0	0	13	6	2	0	67	2	4	0	0	0	4	0	1	0	47	0	1	0
chr6	109229747	109230348	8	0	217	3	6	3	155	2	45	23	2	0	54	0	4	0	119	0	14	20
chr6	109231007	109231310	1	2	86	0	0	0	45	0	4	6	0	0	3	0	0	0	35	2	4	2
chr6	109297274	109297607	0	0	53	7	7	0	39	0	4	8	0	0	4	0	4	0	36	0	6	1
chr6	110180851	110181784	2	0	56	226	8	4	38	197	12	8	1	0	10	41	4	0	24	137	6	10
chr6	110813704	110814654	10	0	55	363	10	2	32	220	15	14	0	0	12	126	16	0	24	153	4	10
chr6	113819725	113820203	0	0	103	8	4	0	83	14	6	6	0	0	12	0	2	0	71	0	1	4
chr6	114364617	114365090	6	0	18	2	8	0	84	34	7	5	0	0	12	0	2	0	75	10	3	3
chr6	119148014	119148363	2	0	30	0	5	2	39	5	5	13	0	0	10	0	1	0	39	0	4	2
chr6	122470700	122471257	0	0	10	170	2	0	26	50	9	0	0	0	8	44	2	0	16	28	0	6
chr6	122797314	122798221	6	0	70	10	4	1	107	26	14	17	0	0	48	2	3	0	128	0	9	14
chr6	125743280	125743939	4	33	0	0	0	59	0	0	10	6	2	8	0	0	0	47	0	0	2	0
chr6	125987295	125987675	1	0	28	80	2	3	10	44	10	9	0	0	0	15	8	0	10	39	7	14
chr6	126040671	126041640	12	4	230	25	8	4	237	24	8	30	0	0	42	0	0	0	146	8	28	10
chr6	130020225	130020908	8	0	52	328	12	0	43	310	8	4	2	0	18	36	0	0	4	232	6	2
chr6	131652231	131652977	4	3	74	18	10	2	155	12	6	11	0	0	35	4	6	0	91	11	12	4
chr6	131955575	131956356	20	4	86	2	12	0	77	5	12	22	4	0	1	0	8	2	67	0	18	16
chr6	132712709	132713135	10	0	166	10	5	0	126	12	2	12	0	0	26	0	4	0	49	0	6	0
chr6	136548670	136548930	0	0	24	50	6	0	12	83	6	7	1	0	0	35	2	0	18	91	5	0
chr6	136823110	136823716	6	1	28	164	4	0	17	38	12	12	2	0	1	4	0	2	1	18	5	9
chr6	138001706	138002070	76	0	8	0	113	0	6	0	2	10	0	0	0	0	0	0	3	0	0	0
chr6	138230260	138230794	0	2	94	21	8	0	119	2	3	0	0	0	19	1	2	0	121	2	2	0
chr6	138500317	138500768	0	0	119	14	4	0	74	12	2	4	0	0	12	2	4	4	41	10	4	2
chr6	138691852	138692380	15	0	30	240	8	0	54	173	8	8	0	0	4	58	21	0	30	150	8	13
chr6	142010745	142011122	2	0	71	2	4	0	32	0	2	4	0	0	4	0	0	2	16	4	0	0
chr6	143427339	143427650	22	4	10	0	48	0	6	0	4	6	2	0	0	0	48	0	0	0	0	3
chr6	143522784	143523891	14	4	175	29	8	6	160	26	20	22	0	8	32	0	9	1	118	0	14	9
chr6	148343815	148344316	8	0	35	81	8	6	14	137	6	16	0	0	0	0	2	2	34	75	9	18
chr6	150866898	150867203	0	0	18	35	6	0	17	26	3	2	0	0	0	2	6	0	16	45	4	2
chr6	151324236	151324624	112	4	0	4	155	8	1	0	8	4	26	0	3	0	138	0	0	0	6	10
chr6	151450952	151451330	0	0	3	25	2	0	9	48	0	0	0	4	9	72	2	0	38	8	12	10
chr6	151628102	151628749	14	2	84	8	7	4	27	4	9	10	0	2	9	0	7	2	8	8	8	10
chr6	157274131	157274798	44	11	83	536	37	2	13	621	32	20	4	0	20	141	17	6	67	278	24	24
chr6	158030946	158031694	8	2	204	0	2	0	255	12	20	18	4	0	72	4	14	0	162	18	34	42
chr6	158072211	158072489	88	2	14	0	128	0	18	0	32	22	13	0	0	0	100	0	5	0	4	9
chr6	158760837	158762055	10	0	233	2	12	0	200	10	30	46	4	0	8	0	10	4	8	4	15	21
chr6	158787415	158788140	2	2	151	22	12	2	202	26	16	15	0	0	4	0	16	0	65	8	4	13
chr6	158854561	158856874	12	0	494	52	10	2	393	10	30	8	10	2	101	6	8	2	367	6	10	16
chr6	158861250	158862447	10	0	211	6	8	4	315	18	16	6	6	0	53	0	10	0	268	14	4	6
chr6	158867046	158867751	6	0	178	11	10	0	212	18	16	12	6	0	4	0	0	4	61	0	8	6
chr6	160238133	160239051	3	0	165	20	2	4	99	0	14	22	2	0	7	0	0	8	8	0	14	11
chr6	163321460	163322334	4	0	24	4	0	0	79	20	22	10	0	0	26	6	6	2	90	4	16	16
chr6	163325297	163326282	2	2	84	14	14	0	146	21	12	6	0	0	37	0	4	0	170	4	6	20
chr6	165573053	165573785	12	8	22	12	4	2	78	18	8	8	0	0	29	0	4	0	62	0	7	6
chr6	165660886	165661579	4	30	40	129	6	4	47	272	8	8	0	0	18	32	6	0	22	205	2	4
chr6	165873454	165875684	18	82	9	0	13	119	6	0	15	22	0	17	0	0	10	84	6	0	24	15
chr6	165902573	165904048	12	27	4	0	2	45	4	0	25	2	2	2	0	0	4	58	0	0	10	13
chr6	166628046	166628421	2	2	34	102	4	2	37	124	0	2	0	0	7	24	2	4	7	114	5	32
chr6	167681386	167681782	2	1	78	7	8	0	56	0	8	12	0	0	10	0	0	4	36	0	4	4
chr6	168008065	168008501	4	0	75	0	3	7	77	0	7	6	2	0	24	2	2	0	62	0	2	17
chr6	169252473	169252913	4	15	8	14	2	6	47	102	2	8	0	1	8	5	4	0	74	74	8	6
chr6	169454625	169455156	5	0	5	10	2	0	93	33	4	14	0	0	20	0	3	0	40	0	6	2
chr6	170595871	170596946	11	74	0	0	9	44	6	0	16	28	0	8	0	0	4	69	10	0	16	13
